# File generated by CMD 3.6 (http://stev.oapd.inaf.it/cmd) on Tue Dec  7 08:19:59 CET 2021
# isochrones based on PARSEC release v1.2S +  COLIBRI S_37 + S_35 + PR16
# Basic references: Bressan et al. (2012), MNRAS, 427, 127 + Chen et al. (2014, 2015), MNRAS, 444, 2525 + MNRAS, 452, 1068 + Tang et al. (2014), MNRAS, 445, 4287 + Marigo et al. (2017), ApJ, 835, 77 + Pastorelli al. (2019), MNRAS, 485, 5666 + Pastorelli al. (2020), MNRAS, in press
# Thermal pulse cycles included 
# On RGB, assumed Reimers mass loss with efficiency eta=0.2
# LPV periods and growth rates added cf. Trabucchi et al. (2019)
# but fundamental-mode LPV periods are from Trabucchi et al. (2021)
# Photometric system: SDSS <i>ugriz</i>
# Using YBC version of bolometric corrections as in Chen et al. (2019)
# O-rich circumstellar dpmod60alox40 dust from Groenewegen (2006)
# C-rich circumstellar AMCSIC15 dust from Groenewegen (2006)
# IMF: Kroupa (2001, 2002) + Kroupa et al. (2013) canonical two-part-power law IMF corrected for unresolved binaries 
# Kind of output: isochrone tables
# Zini     MH   logAge Mini        int_IMF         Mass   logL    logTe  logg  label   McoreTP C_O  period0  period1  period2  period3  period4  pmode  Mloss  tau1m   X   Y   Xc  Xn  Xo  Cexcess  Z 	 mbolmag  umag    gmag    rmag    imag    zmag
0.00015547 -2.00000 10.07918 0.0936335474 1.1156111956    0.094 -3.048  3.5137  5.463    1  0.000  0.545     0.00     0.00     0.00     0.00     0.00 -1 -6.83e-17      0.00 7.473e-01 2.525e-01 2.943e-05 7.939e-06 7.201e-05 -1.000 1.636e-04 12.390 19.097 15.247 13.299 12.318 11.782
0.00015547 -2.00000 10.07918 0.0979434103 1.1536936760    0.098 -2.915  3.5322  5.424    1  0.000  0.545     0.00     0.00     0.00     0.00     0.00 -1  -9.5e-17      0.00 7.463e-01 2.536e-01 2.943e-05 7.939e-06 7.201e-05 -1.000 1.637e-04 12.057 18.040 14.603 12.779 11.964 11.494
0.00015547 -2.00000 10.07918 0.1035686582 1.2002434731    0.103 -2.750  3.5551  5.375    1  0.000  0.545     0.00     0.00     0.00     0.00     0.00 -1 -1.43e-16      0.00 7.449e-01 2.550e-01 2.943e-05 7.939e-06 7.201e-05 -1.000 1.636e-04 11.645 16.806 13.818 12.180 11.519 11.128
0.00015547 -2.00000 10.07918 0.1234388798 1.3415665627    0.123 -2.474  3.5829  5.287    1  0.000  0.545     0.00     0.00     0.00     0.00     0.00 -1 -2.73e-16      0.00 7.417e-01 2.581e-01 2.943e-05 7.940e-06 7.201e-05 -1.000 1.637e-04 10.956 15.261 12.722 11.332 10.795 10.479
0.00015547 -2.00000 10.07918 0.1433091164 1.4560320377    0.143 -2.298  3.5964  5.229    1  0.000  0.545     0.00     0.00     0.00     0.00     0.00 -1 -4.07e-16      0.00 7.396e-01 2.602e-01 2.943e-05 7.940e-06 7.201e-05 -1.000 1.637e-04 10.514 14.457 12.105 10.835 10.341 10.053
0.00015547 -2.00000 10.07918 0.1631793380 1.5515257120    0.163 -2.160  3.6051  5.182    1  0.000  0.545     0.00     0.00     0.00     0.00     0.00 -1 -5.53e-16      0.00 7.384e-01 2.614e-01 2.943e-05 7.940e-06 7.201e-05 -1.000 1.636e-04 10.170 13.898 11.655 10.457 9.989 9.717
0.00015547 -2.00000 10.07918 0.2029198259 1.7036917210    0.203 -1.946  3.6168  5.109    1  0.000  0.545     0.00     0.00     0.00     0.00     0.00 -1 -8.82e-16      0.00 7.378e-01 2.621e-01 2.943e-05 7.940e-06 7.201e-05 -1.000 1.636e-04 9.634 13.093 10.987 9.878 9.443 9.192
0.00015547 -2.00000 10.07918 0.2525953948 1.8468695879    0.252 -1.749  3.6275  5.051    1  0.000  0.545     0.00     0.00     0.00     0.00     0.00 -1 -1.33e-15      0.00 7.380e-01 2.618e-01 2.943e-05 7.940e-06 7.201e-05 -1.000 1.636e-04 9.143 12.373 10.383 9.350 8.942 8.710
0.00015547 -2.00000 10.07918 0.3022710085 1.9574397802    0.302 -1.598  3.6363  5.013    1  0.000  0.545     0.00     0.00     0.00     0.00     0.00 -1  -1.8e-15      0.00 7.381e-01 2.618e-01 2.942e-05 7.941e-06 7.201e-05 -1.000 1.636e-04 8.765 11.814 9.916 8.941 8.557 8.340
0.00015547 -2.00000 10.07918 0.3519465327 2.0465962887    0.352 -1.473  3.6445  4.987    1  0.000  0.544     0.00     0.00     0.00     0.00     0.00 -1 -2.29e-15      0.00 7.382e-01 2.616e-01 2.940e-05 7.942e-06 7.201e-05 -1.000 1.636e-04 8.451 11.341 9.527 8.601 8.237 8.033
0.00015547 -2.00000 10.07918 0.4016221166 2.1207315922    0.401 -1.347  3.6534  4.955    1  0.000  0.545     0.00     0.00     0.00     0.00     0.00 -1 -2.97e-15      0.00 7.502e-01 2.496e-01 2.943e-05 7.939e-06 7.201e-05 -1.000 1.637e-04 8.139 10.860 9.136 8.261 7.918 7.729
0.00015547 -2.00000 10.07918 0.4512977004 2.1838121414    0.451 -1.194  3.6681  4.911    1  0.000  0.545     0.00     0.00     0.00     0.00     0.00 -1 -4.19e-15      0.00 7.507e-01 2.491e-01 2.943e-05 7.939e-06 7.201e-05 -1.000 1.637e-04 7.756 10.204 8.634 7.839 7.529 7.363
0.00015547 -2.00000 10.07918 0.5009732842 2.2384552956    0.501 -1.023  3.6852  4.854    1  0.000  0.545     0.00     0.00     0.00     0.00     0.00 -1  -6.3e-15      0.00 7.514e-01 2.484e-01 2.938e-05 7.927e-06 7.190e-05 -1.000 1.636e-04 7.328 9.479 8.084 7.374 7.100 6.959
0.00015547 -2.00000 10.07918 0.5506489277 2.2841949463    0.550 -0.819  3.7053  4.771    1  0.000  0.544     0.00     0.00     0.00     0.00     0.00 -1 -1.06e-14      0.00 7.848e-01 2.151e-01 2.566e-05 6.927e-06 6.286e-05 -1.000 9.984e-05 6.818 8.656 7.451 6.832 6.597 6.485
0.00015547 -2.00000 10.07918 0.6003244519 2.3213412762    0.600 -0.611  3.7305  4.701    1  0.000  0.544     0.00     0.00     0.00     0.00     0.00 -1 -1.77e-14      0.00 7.975e-01 2.024e-01 2.432e-05 6.570e-06 5.965e-05 -1.000 1.154e-04 6.297 7.818 6.807 6.290 6.101 6.021
0.00015547 -2.00000 10.07918 0.6074755192 2.3261165619    0.607 -0.579  3.7348  4.691    1  0.000  0.544     0.00     0.00     0.00     0.00     0.00 -1 -1.91e-14      0.00 7.997e-01 2.002e-01 2.409e-05 6.508e-06 5.909e-05 -1.000 1.078e-04 6.218 7.695 6.711 6.210 6.027 5.953
0.00015547 -2.00000 10.07918 0.6185930967 2.3332889080    0.618 -0.530  3.7414  4.676    1  0.000  0.543     0.00     0.00     0.00     0.00     0.00 -1 -2.16e-14      0.00 8.033e-01 1.965e-01 2.371e-05 6.406e-06 5.817e-05 -1.000 1.528e-04 6.094 7.505 6.561 6.084 5.913 5.847
0.00015547 -2.00000 10.07918 0.6284974217 2.3394336700    0.628 -0.485  3.7472  4.662    1  0.000  0.543     0.00     0.00     0.00     0.00     0.00 -1 -2.42e-14      0.00 8.067e-01 1.931e-01 2.335e-05 6.311e-06 5.732e-05 -1.000 1.417e-04 5.983 7.341 6.429 5.973 5.813 5.753
0.00015547 -2.00000 10.07918 0.6381110549 2.3451886177    0.638 -0.441  3.7528  4.647    1  0.000  0.543     0.00     0.00     0.00     0.00     0.00 -1 -1.22e-15      0.00 8.102e-01 1.897e-01 2.299e-05 6.215e-06 5.646e-05 -1.000 1.269e-04 5.874 7.183 6.300 5.866 5.715 5.662
0.00015547 -2.00000 10.07918 0.6494354606 2.3517167568    0.649 -0.389  3.7592  4.629    1  0.000  0.543     0.00     0.00     0.00     0.00     0.00 -1 -2.04e-14      0.00 8.145e-01 1.854e-01 2.254e-05 6.096e-06 5.539e-05 -1.000 1.116e-04 5.744 6.999 6.148 5.739 5.599 5.555
0.00015547 -2.00000 10.07918 0.6499999762 2.3520355225    0.650 -0.387  3.7595  4.628    1  0.000  0.543     0.00     0.00     0.00     0.00     0.00 -1  -3.1e-14      0.00 8.147e-01 1.851e-01 2.252e-05 6.090e-06 5.533e-05 -1.000 1.561e-04 5.737 6.989 6.140 5.732 5.593 5.549
0.00015547 -2.00000 10.07918 0.6588703394 2.3569593430    0.659 -0.345  3.7644  4.611    1  0.000  0.542     0.00     0.00     0.00     0.00     0.00 -1 -3.45e-14      0.00 8.190e-01 1.808e-01 2.207e-05 5.971e-06 5.426e-05 -1.000 1.637e-04 5.633 6.852 6.022 5.632 5.501 5.462
0.00015547 -2.00000 10.07918 0.6690781713 2.3624401093    0.669 -0.297  3.7698  4.591    1  0.000  0.542     0.00     0.00     0.00     0.00     0.00 -1 -3.92e-14      0.00 8.243e-01 1.756e-01 2.153e-05 5.825e-06 5.296e-05 -1.000 1.512e-04 5.512 6.695 5.885 5.515 5.393 5.360
0.00015547 -2.00000 10.07918 0.6787885427 2.3674783707    0.679 -0.250  3.7749  4.571    1  0.000  0.541     0.00     0.00     0.00     0.00     0.00 -1 -3.25e-14      0.00 8.296e-01 1.702e-01 2.097e-05 5.678e-06 5.164e-05 -1.000 1.357e-04 5.394 6.548 5.754 5.401 5.287 5.260
0.00015547 -2.00000 10.07918 0.6880588531 2.3721358776    0.688 -0.203  3.7798  4.550    1  0.000  0.541     0.00     0.00     0.00     0.00     0.00 -1  -1.5e-14      0.00 8.351e-01 1.648e-01 2.041e-05 5.528e-06 5.029e-05 -1.000 1.145e-04 5.278 6.404 5.625 5.289 5.183 5.162
0.00015547 -2.00000 10.07918 0.6962858438 2.3761501312    0.696 -0.160  3.7840  4.529    1  0.000  0.541     0.00     0.00     0.00     0.00     0.00 -1 -5.49e-15      0.00 8.401e-01 1.597e-01 1.988e-05 5.388e-06 4.903e-05 -1.000 1.185e-04 5.171 6.279 5.507 5.186 5.087 5.071
0.00015547 -2.00000 10.07918 0.6999999881 2.3779268265    0.700 -0.141  3.7859  4.519    1  0.000  0.540     0.00     0.00     0.00     0.00     0.00 -1 -5.95e-14      0.00 8.425e-01 1.574e-01 1.964e-05 5.322e-06 4.844e-05 -1.000 1.276e-04 5.122 6.222 5.454 5.139 5.044 5.029
0.00015547 -2.00000 10.07918 0.7091768384 2.3822250366    0.709 -0.090  3.7903  4.492    1  0.000  0.538     0.00     0.00     0.00     0.00     0.00 -1 -6.85e-14      0.00 8.478e-01 1.521e-01 1.909e-05 5.189e-06 4.727e-05 -1.000 1.202e-04 4.996 6.078 5.315 5.017 4.929 4.920
0.00015547 -2.00000 10.07918 0.7176503539 2.3860819340    0.717 -0.041  3.7943  4.464    1  0.000  0.537     0.00     0.00     0.00     0.00     0.00 -1 -7.87e-14      0.00 8.522e-01 1.477e-01 1.864e-05 5.082e-06 4.633e-05 -1.000 1.276e-04 4.873 5.943 5.182 4.897 4.816 4.812
0.00015547 -2.00000 10.07918 0.7260162234 2.3897883892    0.726  0.010  3.7982  4.434    1  0.000  0.535     0.00     0.00     0.00     0.00     0.00 -1 -9.12e-14      0.00 8.561e-01 1.438e-01 1.826e-05 4.991e-06 4.554e-05 -1.000 7.713e-05 4.745 5.804 5.043 4.772 4.698 4.698
0.00015547 -2.00000 10.07918 0.7332008481 2.3928937912    0.733  0.057  3.8015  4.404    1  0.000  0.533     0.00     0.00     0.00     0.00     0.00 -1 -1.04e-13      0.00 8.591e-01 1.408e-01 1.799e-05 4.928e-06 4.500e-05 -1.000 8.076e-05 4.629 5.680 4.917 4.658 4.589 4.593
0.00015547 -2.00000 10.07918 0.7401607633 2.3958363533    0.740  0.105  3.8046  4.373    1  0.000  0.531     0.00     0.00     0.00     0.00     0.00 -1 -1.07e-13      0.00 8.617e-01 1.382e-01 1.776e-05 4.876e-06 4.455e-05 -1.000 1.358e-04 4.508 5.556 4.788 4.539 4.476 4.483
0.00015547 -2.00000 10.07918 0.7471207976 2.3987157345    0.746  0.157  3.8075  4.336    1  0.000  0.530     0.00     0.00     0.00     0.00     0.00 -1 -1.72e-14      0.00 8.640e-01 1.358e-01 1.756e-05 4.831e-06 4.417e-05 -1.000 1.519e-04 4.379 5.423 4.649 4.411 4.352 4.363
0.00015547 -2.00000 10.07918 0.7500000000 2.3998889923    0.749  0.179  3.8086  4.321    1  0.000  0.529     0.00     0.00     0.00     0.00     0.00 -1  -1.5e-13      0.00 8.650e-01 1.349e-01 1.748e-05 4.814e-06 4.402e-05 -1.000 1.608e-04 4.323 5.366 4.590 4.356 4.299 4.312
0.00015547 -2.00000 10.07918 0.7513623834 2.4004404545    0.751  0.189  3.8093  4.313    1  0.000  0.529     0.00     0.00     0.00     0.00     0.00 -1 -1.55e-13      0.00 8.651e-01 1.348e-01 1.749e-05 4.816e-06 4.404e-05 -1.000 1.618e-04 4.297 5.339 4.562 4.330 4.275 4.288
0.00015547 -2.00000 10.07918 0.7594360113 2.4036624432    0.759  0.258  3.8126  4.262    1  0.000  0.529     0.00     0.00     0.00     0.00     0.00 -1 -1.92e-13      0.00 8.656e-01 1.343e-01 1.753e-05 4.830e-06 4.419e-05 -1.000 6.492e-05 4.124 5.166 4.378 4.158 4.109 4.126
0.00015547 -2.00000 10.07918 0.7647926807 2.4057569504    0.764  0.308  3.8146  4.223    1  0.000  0.529     0.00     0.00     0.00     0.00     0.00 -1 -2.24e-13      0.00 8.658e-01 1.341e-01 1.756e-05 4.841e-06 4.430e-05 -1.000 9.665e-05 3.999 5.043 4.246 4.033 3.987 4.007
0.00015547 -2.00000 10.07918 0.7698709965 2.4077117443    0.769  0.358  3.8160  4.182    1  0.000  0.528     0.00     0.00     0.00     0.00     0.00 -1 -2.63e-13      0.00 8.649e-01 1.350e-01 1.770e-05 4.881e-06 4.467e-05 -1.000 1.000e-04 3.874 4.920 4.115 3.908 3.864 3.886
0.00015547 -2.00000 10.07918 0.7740224004 2.4092876911    0.773  0.402  3.8166  4.142    1  0.000  0.528     0.00     0.00     0.00     0.00     0.00 -1 -3.05e-13      0.00 8.638e-01 1.361e-01 1.786e-05 4.923e-06 4.506e-05 -1.000 9.993e-05 3.764 4.813 4.001 3.797 3.755 3.777
0.00015547 -2.00000 10.07918 0.7756054401 2.4098837376    0.774  0.421  3.8163  4.123    1  0.000  0.528     0.00     0.00     0.00     0.00     0.00 -1 -3.26e-13      0.00 8.634e-01 1.365e-01 1.792e-05 4.939e-06 4.520e-05 -1.000 1.000e-04 3.717 4.767 3.953 3.748 3.707 3.729
0.00015547 -2.00000 10.07918 0.7799062133 2.4114885330    0.779  0.476  3.8145  4.063    1  0.000  0.528     0.00     0.00     0.00     0.00     0.00 -1 -3.93e-13      0.00 8.622e-01 1.377e-01 1.807e-05 4.983e-06 4.561e-05 -1.000 9.997e-05 3.579 4.637 3.816 3.608 3.564 3.584
0.00015547 -2.00000 10.07918 0.7829150558 2.4125993252    0.782  0.520  3.8118  4.010    1  0.000  0.528     0.00     0.00     0.00     0.00     0.00 -1 -4.61e-13      0.00 8.614e-01 1.385e-01 1.818e-05 5.013e-06 4.588e-05 -1.000 1.000e-04 3.470 4.537 3.712 3.497 3.449 3.466
0.00015547 -2.00000 10.07918 0.7835566401 2.4128348827    0.782  0.530  3.8110  3.997    1  0.000  0.528     0.00     0.00     0.00     0.00     0.00 -1  -4.8e-13      0.00 8.613e-01 1.386e-01 1.821e-05 5.020e-06 4.594e-05 -1.000 9.993e-05 3.445 4.514 3.689 3.472 3.422 3.439
0.00015547 -2.00000 10.07918 0.7841680050 2.4130589962    0.783  0.541  3.8098  3.982    2  0.000  0.528     0.00     0.00     0.00     0.00     0.00 -1 -5.01e-13      0.00 8.611e-01 1.388e-01 1.823e-05 5.026e-06 4.600e-05 -1.000 9.993e-05 3.419 4.490 3.665 3.444 3.393 3.408
0.00015547 -2.00000 10.07918 0.7862255573 2.4138100147    0.785  0.580  3.8044  3.923    2  0.000  0.528     0.00     0.00     0.00     0.00     0.00 -1 -5.84e-13      0.00 8.606e-01 1.393e-01 1.831e-05 5.047e-06 4.619e-05 -1.000 9.996e-05 3.321 4.406 3.579 3.342 3.283 3.292
0.00015547 -2.00000 10.07918 0.7878014445 2.4143824577    0.786  0.615  3.7978  3.862    2  0.000  0.528     0.00     0.00     0.00     0.00     0.00 -1 -6.79e-13      0.00 8.601e-01 1.398e-01 1.836e-05 5.063e-06 4.634e-05 -1.000 9.993e-05 3.233 4.336 3.507 3.251 3.181 3.182
0.00015547 -2.00000 10.07918 0.7890366316 2.4148290157    0.787  0.647  3.7899  3.799    2  0.000  0.528     0.00     0.00     0.00     0.00     0.00 -1 -7.85e-13      0.00 8.597e-01 1.402e-01 1.843e-05 5.082e-06 4.651e-05 -1.000 1.065e-04 3.153 4.281 3.448 3.167 3.084 3.077
0.00015547 -2.00000 10.07918 0.7900331020 2.4151883125    0.788  0.676  3.7812  3.736    2  0.000  0.529     0.00     0.00     0.00     0.00     0.00 -1 -9.02e-13      0.00 8.557e-01 1.442e-01 1.888e-05 5.202e-06 4.760e-05 -1.000 9.391e-05 3.080 4.238 3.400 3.091 2.994 2.976
0.00015547 -2.00000 10.07918 0.7908694744 2.4154889584    0.789  0.703  3.7727  3.675    2  0.000  0.530     0.00     0.00     0.00     0.00     0.00 -1 -1.03e-12      0.00 8.390e-01 1.609e-01 2.054e-05 5.653e-06 5.166e-05 -1.000 8.826e-05 3.012 4.208 3.357 3.020 2.910 2.882
0.00015547 -2.00000 10.07918 0.7916075587 2.4157536030    0.790  0.731  3.7648  3.616    2  0.000  0.533     0.00     0.00     0.00     0.00     0.00 -1 -1.18e-12      0.00 8.110e-01 1.888e-01 2.322e-05 6.372e-06 5.809e-05 -1.000 1.181e-04 2.943 4.177 3.312 2.949 2.826 2.789
0.00015547 -2.00000 10.07918 0.7922626138 2.4159882069    0.791  0.761  3.7578  3.558    2  0.000  0.535     0.00     0.00     0.00     0.00     0.00 -1 -1.35e-12      0.00 7.921e-01 2.078e-01 2.501e-05 6.849e-06 6.236e-05 -1.000 1.167e-04 2.866 4.139 3.259 2.872 2.737 2.692
0.00015547 -2.00000 10.07918 0.7929115295 2.4162199497    0.791  0.801  3.7514  3.493    2  0.000  0.536     0.00     0.00     0.00     0.00     0.00 -1 -1.58e-12      0.00 7.808e-01 2.191e-01 2.608e-05 7.137e-06 6.492e-05 -1.000 1.547e-04 2.768 4.080 3.182 2.774 2.629 2.576
0.00015547 -2.00000 10.07918 0.7934238315 2.4164028168    0.792  0.839  3.7473  3.438    2  0.000  0.536     0.00     0.00     0.00     0.00     0.00 -1 -1.85e-12      0.00 7.753e-01 2.245e-01 2.660e-05 7.275e-06 6.616e-05 -1.000 1.636e-04 2.672 4.013 3.100 2.677 2.526 2.468
0.00015547 -2.00000 10.07918 0.7937740684 2.4165275097    0.792  0.869  3.7448  3.399    2  0.000  0.536     0.00     0.00     0.00     0.00     0.00 -1 -2.07e-12      0.00 7.725e-01 2.273e-01 2.686e-05 7.346e-06 6.679e-05 -1.000 1.637e-04 2.598 3.957 3.036 2.604 2.448 2.387
0.00015547 -2.00000 10.07918 0.7940821648 2.4166371822    0.792  0.899  3.7431  3.362    3  0.000  0.536     0.00     0.00     0.00     0.00     0.00 -1 -2.31e-12      0.00 7.707e-01 2.291e-01 2.703e-05 7.388e-06 6.717e-05 -1.000 1.448e-04 2.523 3.895 2.967 2.530 2.371 2.308
0.00015547 -2.00000 10.07918 0.7944860458 2.4167807102    0.793  0.940  3.7410  3.313    3  0.000  0.537     0.00     0.00     0.00     0.00     0.00 -1 -2.68e-12      0.00 7.685e-01 2.313e-01 2.721e-05 7.437e-06 6.760e-05 -1.000 1.424e-04 2.420 3.808 2.872 2.428 2.266 2.200
0.00015547 -2.00000 10.07918 0.7948929667 2.4169251919    0.793  0.984  3.7391  3.262    3  0.000  0.537     0.00     0.00     0.00     0.00     0.00 -1 -3.15e-12      0.00 7.666e-01 2.333e-01 2.736e-05 7.477e-06 6.796e-05 -1.000 1.407e-04 2.311 3.714 2.770 2.319 2.154 2.086
0.00015547 -2.00000 10.07918 0.7952827215 2.4170634747    0.793  1.028  3.7374  3.211    3  0.000  0.537     0.00     0.00     0.00     0.00     0.00 -1  -3.7e-12      0.00 7.648e-01 2.350e-01 2.747e-05 7.509e-06 6.825e-05 -1.000 1.624e-04 2.199 3.618 2.665 2.209 2.041 1.970
0.00015547 -2.00000 10.07918 0.7956970334 2.4172103405    0.793  1.079  3.7356  3.153    3  0.000  0.537     0.00     0.00     0.00     0.00     0.00 -1 -4.44e-12      0.00 7.631e-01 2.367e-01 2.758e-05 7.539e-06 6.851e-05 -1.000 1.637e-04 2.072 3.506 2.544 2.083 1.912 1.840
0.00015547 -2.00000 10.07918 0.7960445881 2.4173333645    0.794  1.125  3.7341  3.102    3  0.000  0.537     0.00     0.00     0.00     0.00     0.00 -1 -5.23e-12      0.00 7.617e-01 2.381e-01 2.766e-05 7.561e-06 6.870e-05 -1.000 1.636e-04 1.958 3.405 2.436 1.970 1.797 1.722
0.00015547 -2.00000 10.07918 0.7963963151 2.4174578190    0.794  1.175  3.7326  3.046    3  0.000  0.537     0.00     0.00     0.00     0.00     0.00 -1 -6.26e-12      0.00 7.603e-01 2.395e-01 2.772e-05 7.580e-06 6.887e-05 -1.000 1.464e-04 1.834 3.294 2.317 1.847 1.671 1.595
0.00015547 -2.00000 10.07918 0.7967413664 2.4175796509    0.794  1.228  3.7310  2.986    3  0.000  0.536     0.00     0.00     0.00     0.00     0.00 -1 -7.57e-12      0.00 7.590e-01 2.409e-01 2.777e-05 7.599e-06 6.902e-05 -1.000 1.506e-04 1.701 3.175 2.191 1.716 1.538 1.459
0.00015547 -2.00000 10.07918 0.7970198989 2.4176778793    0.794  1.275  3.7295  2.934    3  0.000  0.536     0.00     0.00     0.00     0.00     0.00 -1 -8.96e-12      0.00 7.579e-01 2.420e-01 2.779e-05 7.616e-06 6.912e-05 -1.000 1.616e-04 1.584 3.071 2.079 1.599 1.419 1.338
0.00015547 -2.00000 10.07918 0.7972885370 2.4177725315    0.794  1.324  3.7280  2.879    3  0.000  0.535     0.00     0.00     0.00     0.00     0.00 -1 -1.07e-11      0.00 7.569e-01 2.430e-01 2.779e-05 7.634e-06 6.921e-05 -1.000 1.638e-04 1.461 2.964 1.962 1.478 1.295 1.212
0.00015547 -2.00000 10.07918 0.7975298762 2.4178576469    0.795  1.372  3.7266  2.825    3  0.000  0.535     0.00     0.00     0.00     0.00     0.00 -1 -1.27e-11      0.00 7.560e-01 2.438e-01 2.777e-05 7.655e-06 6.928e-05 -1.000 1.633e-04 1.341 2.858 1.847 1.359 1.174 1.089
0.00015547 -2.00000 10.07918 0.7977485657 2.4179346561    0.795  1.419  3.7250  2.771    3  0.000  0.534     0.00     0.00     0.00     0.00     0.00 -1 -1.51e-11      0.00 7.553e-01 2.445e-01 2.775e-05 7.681e-06 6.934e-05 -1.000 1.621e-04 1.222 2.755 1.735 1.241 1.054 0.967
0.00015547 -2.00000 10.07918 0.7979442477 2.4180035591    0.795  1.466  3.7236  2.719    3  0.000  0.533     0.00     0.00     0.00     0.00     0.00 -1 -1.78e-11      0.00 7.547e-01 2.451e-01 2.771e-05 7.708e-06 6.938e-05 -1.000 1.628e-04 1.106 2.652 1.624 1.126 0.936 0.848
0.00015547 -2.00000 10.07918 0.7981293797 2.4180686474    0.795  1.514  3.7220  2.664    3  0.000  0.532     0.00     0.00     0.00     0.00     0.00 -1 -2.12e-11      0.00 7.542e-01 2.456e-01 2.768e-05 7.739e-06 6.941e-05 -1.000 1.636e-04 0.985 2.546 1.510 1.007 0.815 0.725
0.00015547 -2.00000 10.07918 0.7982938290 2.4181263447    0.795  1.561  3.7204  2.611    3  0.000  0.531     0.00     0.00     0.00     0.00     0.00 -1 -2.51e-11      0.00 7.539e-01 2.460e-01 2.764e-05 7.768e-06 6.944e-05 -1.000 1.637e-04 0.868 2.444 1.400 0.891 0.697 0.604
0.00015547 -2.00000 10.07918 0.7984399796 2.4181778431    0.795  1.606  3.7189  2.559    3  0.000  0.531     0.00     0.00     0.00     0.00     0.00 -1 -2.96e-11      0.00 7.536e-01 2.462e-01 2.762e-05 7.790e-06 6.945e-05 -1.000 1.636e-04 0.754 2.345 1.293 0.779 0.582 0.488
0.00015547 -2.00000 10.07918 0.7985723615 2.4182243347    0.794  1.651  3.7174  2.508    3  0.000  0.530     0.00     0.00     0.00     0.00     0.00 -1 -3.48e-11      0.00 7.535e-01 2.463e-01 2.760e-05 7.803e-06 6.946e-05 -1.000 1.627e-04 0.642 2.249 1.187 0.669 0.469 0.373
0.00015547 -2.00000 10.07918 0.7986964583 2.4182677269    0.794  1.697  3.7157  2.456    3  0.000  0.530     0.00     0.00     0.00     0.00     0.00 -1 -4.11e-11      0.00 7.534e-01 2.464e-01 2.759e-05 7.811e-06 6.947e-05 -1.000 1.636e-04 0.528 2.155 1.080 0.556 0.353 0.255
0.00015547 -2.00000 10.07918 0.7988060713 2.4183063507    0.794  1.741  3.7141  2.405    3  0.000  0.530     0.00     0.00     0.00     0.00     0.00 -1 -4.82e-11      0.00 7.534e-01 2.464e-01 2.759e-05 7.815e-06 6.947e-05 -1.000 1.637e-04 0.417 2.065 0.978 0.447 0.242 0.141
0.00015547 -2.00000 10.07918 0.7989073396 2.4183418751    0.794  1.785  3.7126  2.355    3  0.000  0.530     0.00     0.00     0.00     0.00     0.00 -1 -5.66e-11      0.00 7.534e-01 2.465e-01 2.759e-05 7.816e-06 6.948e-05 -1.000 1.637e-04 0.307 1.974 0.874 0.337 0.129 0.027
0.00015547 -2.00000 10.07918 0.7990002632 2.4183745384    0.794  1.829  3.7109  2.304    3  0.000  0.530     0.00     0.00     0.00     0.00     0.00 -1 -6.64e-11      0.00 7.534e-01 2.465e-01 2.759e-05 7.816e-06 6.948e-05 -1.000 1.637e-04 0.197 1.884 0.772 0.229 0.018 -0.087
0.00015547 -2.00000 10.07918 0.7990828753 2.4184033871    0.794  1.872  3.7093  2.255    3  0.000  0.530     0.00     0.00     0.00     0.00     0.00 -1 -5.75e-11      0.00 7.534e-01 2.465e-01 2.759e-05 7.816e-06 6.948e-05 -1.000 1.636e-04 0.091 1.799 0.674 0.124 -0.090 -0.196
0.00015547 -2.00000 10.07918 0.7991592288 2.4184300900    0.793  1.914  3.7078  2.207    3  0.000  0.530     0.00     0.00     0.00     0.00     0.00 -1 -5.83e-11      0.00 7.534e-01 2.465e-01 2.759e-05 7.817e-06 6.948e-05 -1.000 1.636e-04 -0.015 1.716 0.577 0.021 -0.196 -0.305
0.00015547 -2.00000 10.07918 0.7992325425 2.4184558392    0.793  1.958  3.7061  2.156    3  0.000  0.530     0.00     0.00     0.00     0.00     0.00 -1 -6.86e-11      0.00 7.534e-01 2.465e-01 2.759e-05 7.817e-06 6.948e-05 -1.000 1.637e-04 -0.124 1.630 0.477 -0.086 -0.306 -0.417
0.00015547 -2.00000 10.07918 0.7992953062 2.4184777737    0.793  1.998  3.7045  2.109    3  0.000  0.530     0.00     0.00     0.00     0.00     0.00 -1 -8.22e-11      0.00 7.534e-01 2.465e-01 2.759e-05 7.817e-06 6.948e-05 -1.000 1.636e-04 -0.225 1.551 0.385 -0.186 -0.408 -0.522
0.00015547 -2.00000 10.07918 0.7993533611 2.4184982777    0.792  2.038  3.7029  2.063    3  0.000  0.530     0.00     0.00     0.00     0.00     0.00 -1 -9.82e-11      0.00 7.533e-01 2.465e-01 2.759e-05 7.818e-06 6.948e-05 -1.000 1.636e-04 -0.325 1.472 0.293 -0.284 -0.509 -0.625
0.00015547 -2.00000 10.07918 0.7994087934 2.4185175896    0.792  2.079  3.7013  2.015    3  0.000  0.530     0.00     0.00     0.00     0.00     0.00 -1 -1.18e-10      0.00 7.533e-01 2.465e-01 2.759e-05 7.818e-06 6.948e-05 -1.000 1.636e-04 -0.428 1.391 0.199 -0.385 -0.613 -0.731
0.00015547 -2.00000 10.07918 0.7994572520 2.4185345173    0.792  2.117  3.6997  1.970    3  0.000  0.530     0.00     0.00     0.00     0.00     0.00 -1 -1.39e-10      0.00 7.533e-01 2.465e-01 2.759e-05 7.818e-06 6.948e-05 -1.000 1.637e-04 -0.523 1.321 0.114 -0.478 -0.709 -0.829
0.00015547 -2.00000 10.07918 0.7995026112 2.4185504913    0.791  2.155  3.6982  1.926    3  0.000  0.530     0.00     0.00     0.00     0.00     0.00 -1 -1.63e-10      0.00 7.533e-01 2.465e-01 2.759e-05 7.818e-06 6.949e-05 -1.000 1.636e-04 -0.617 1.254 0.030 -0.569 -0.804 -0.926
0.00015547 -2.00000 10.07918 0.7995497584 2.4185669422    0.791  2.189  3.6968  1.886    3  0.000  0.530     0.00     0.00     0.00     0.00     0.00 -1 -1.91e-10      0.00 7.533e-01 2.465e-01 2.759e-05 7.819e-06 6.949e-05 -1.000 1.636e-04 -0.704 1.191 -0.049 -0.654 -0.891 -1.016
0.00015547 -2.00000 10.07918 0.7996020913 2.4185853004    0.790  2.219  3.6956  1.851    3  0.000  0.530     0.00     0.00     0.00     0.00     0.00 -1  -2.2e-10      0.00 7.533e-01 2.465e-01 2.759e-05 7.819e-06 6.949e-05 -1.000 1.637e-04 -0.778 1.137 -0.115 -0.727 -0.966 -1.092
0.00015547 -2.00000 10.07918 0.7996307611 2.4185953140    0.790  2.211  3.6962  1.861    3  0.000  0.530     0.00     0.00     0.00     0.00     0.00 -1 -2.19e-10      0.00 7.533e-01 2.465e-01 2.759e-05 7.819e-06 6.949e-05 -1.000 1.636e-04 -0.758 1.148 -0.099 -0.708 -0.946 -1.071
0.00015547 -2.00000 10.07918 0.7996371984 2.4185976982    0.790  2.218  3.6959  1.853    3  0.000  0.530     0.00     0.00     0.00     0.00     0.00 -1 -2.24e-10      0.00 7.533e-01 2.465e-01 2.759e-05 7.819e-06 6.949e-05 -1.000 1.636e-04 -0.775 1.136 -0.114 -0.724 -0.964 -1.089
0.00015547 -2.00000 10.07918 0.7996729612 2.4186100960    0.789  2.259  3.6941  1.804    3  0.000  0.530     0.00     0.00     0.00     0.00     0.00 -1 -2.64e-10      0.00 7.533e-01 2.465e-01 2.759e-05 7.819e-06 6.949e-05 -1.000 1.636e-04 -0.878 1.065 -0.205 -0.825 -1.067 -1.195
0.00015547 -2.00000 10.07918 0.7997089624 2.4186227322    0.788  2.303  3.6923  1.753    3  0.000  0.530     0.00     0.00     0.00     0.00     0.00 -1 -3.16e-10      0.00 7.533e-01 2.465e-01 2.759e-05 7.819e-06 6.949e-05 -1.000 1.636e-04 -0.988 0.986 -0.304 -0.931 -1.178 -1.308
0.00015547 -2.00000 10.07918 0.7997395992 2.4186334610    0.788  2.343  3.6904  1.705    3  0.000  0.530     0.00     0.00     0.00     0.00     0.00 -1 -3.72e-10      0.00 7.533e-01 2.465e-01 2.759e-05 7.819e-06 6.949e-05 -1.000 1.636e-04 -1.087 0.919 -0.390 -1.028 -1.278 -1.411
0.00015547 -2.00000 10.07918 0.7997697592 2.4186439514    0.787  2.384  3.6885  1.656    3  0.000  0.530     0.00     0.00     0.00     0.00     0.00 -1 -4.42e-10      0.00 7.533e-01 2.465e-01 2.759e-05 7.820e-06 6.949e-05 -1.000 1.636e-04 -1.191 0.850 -0.481 -1.128 -1.382 -1.518
0.00015547 -2.00000 10.07918 0.7997978330 2.4186537266    0.786  2.426  3.6868  1.607    3  0.000  0.530     0.00     0.00     0.00     0.00     0.00 -1 -5.23e-10      0.00 7.533e-01 2.465e-01 2.759e-05 7.820e-06 6.949e-05 -1.000 1.636e-04 -1.295 0.781 -0.572 -1.229 -1.487 -1.625
0.00015547 -2.00000 10.07918 0.7998224497 2.4186625481    0.786  2.465  3.6848  1.559    3  0.000  0.530     0.00     0.00     0.00     0.00     0.00 -1 -6.14e-10      0.00 7.533e-01 2.465e-01 2.759e-05 7.820e-06 6.949e-05 -1.000 1.636e-04 -1.393 0.729 -0.654 -1.324 -1.586 -1.727
0.00015547 -2.00000 10.07918 0.7998468280 2.4186708927    0.785  2.507  3.6829  1.510    3  0.000  0.530     6.52     5.22     3.72     2.87     2.32  3 -7.25e-10      0.00 7.533e-01 2.465e-01 2.759e-05 7.820e-06 6.949e-05 -1.000 1.636e-04 -1.497 0.684 -0.742 -1.426 -1.692 -1.836
0.00015547 -2.00000 10.07918 0.7998684645 2.4186785221    0.784  2.546  3.6811  1.462    3  0.000  0.530     7.21     5.69     4.03     3.12     2.52  3  -8.5e-10      0.00 7.533e-01 2.465e-01 2.759e-05 7.820e-06 6.949e-05 -1.000 1.636e-04 -1.596 0.647 -0.822 -1.523 -1.793 -1.940
0.00015547 -2.00000 10.07918 0.7998886704 2.4186856747    0.783  2.586  3.6792  1.414    3  0.000  0.530     7.98     6.20     4.38     3.39     2.74  3 -9.96e-10      0.00 7.533e-01 2.465e-01 2.759e-05 7.820e-06 6.949e-05 -1.000 1.636e-04 -1.695 0.619 -0.900 -1.619 -1.894 -2.044
0.00015547 -2.00000 10.07918 0.7999078631 2.4186923504    0.782  2.626  3.6773  1.366    3  0.000  0.530     8.83     6.76     4.76     3.69     2.99  3 -1.17e-09      0.00 7.533e-01 2.465e-01 2.759e-05 7.820e-06 6.949e-05 -1.000 1.636e-04 -1.795 0.594 -0.978 -1.716 -1.996 -2.149
0.00015547 -2.00000 10.07918 0.7999285460 2.4186995029    0.780  2.673  3.6749  1.309    3  0.000  0.530     9.96     7.49     5.24     4.07     3.30  3 -1.41e-09      0.00 7.533e-01 2.465e-01 2.759e-05 7.820e-06 6.949e-05 -1.000 1.636e-04 -1.911 0.579 -1.064 -1.828 -2.115 -2.272
0.00015547 -2.00000 10.07918 0.7999452353 2.4187054634    0.779  2.713  3.6729  1.260    3  0.000  0.530    11.04     8.18     5.70     4.44     3.59  3 -1.65e-09      0.00 7.533e-01 2.465e-01 2.759e-05 7.820e-06 6.949e-05 -1.000 1.636e-04 -2.012 0.567 -1.138 -1.925 -2.218 -2.378
0.00015547 -2.00000 10.07918 0.7999623418 2.4187114239    0.777  2.758  3.6705  1.205    3  0.000  0.530    12.41     9.04     6.27     4.89     3.96  2 -1.97e-09      0.00 7.533e-01 2.465e-01 2.759e-05 7.820e-06 6.949e-05 -1.000 1.636e-04 -2.124 0.571 -1.214 -2.032 -2.332 -2.496
0.00015547 -2.00000 10.07918 0.7999765277 2.4187164307    0.776  2.797  3.6686  1.157    3  0.000  0.530    13.73     9.85     6.81     5.31     4.30  2 -2.31e-09      0.00 7.533e-01 2.465e-01 2.759e-05 7.821e-06 6.949e-05 -1.000 1.637e-04 -2.223 0.570 -1.283 -2.126 -2.433 -2.600
0.00015547 -2.00000 10.07918 0.7999909520 2.4187214375    0.774  2.840  3.6661  1.102    3  0.000  0.530    15.40    10.86     7.48     5.84     4.73  2 -2.74e-09      0.00 7.533e-01 2.465e-01 2.759e-05 7.821e-06 6.949e-05 -1.000 1.637e-04 -2.331 0.600 -1.348 -2.227 -2.543 -2.715
0.00015547 -2.00000 10.07918 0.8000000119 2.4187245369    0.772  2.869  3.6647  1.067    3  0.000  0.530    16.60    11.58     7.94     6.21     5.03  2 -3.07e-09      0.00 7.533e-01 2.465e-01 2.759e-05 7.821e-06 6.949e-05 -1.000 1.636e-04 -2.404 0.610 -1.395 -2.295 -2.616 -2.791
0.00015547 -2.00000 10.07918 0.8000029922 2.4187254906    0.772  2.879  3.6642  1.055    3  0.000  0.530    17.01    11.82     8.10     6.34     5.14  2 -3.18e-09      0.00 7.533e-01 2.465e-01 2.759e-05 7.821e-06 6.949e-05 -1.000 1.636e-04 -2.427 0.614 -1.410 -2.317 -2.640 -2.816
0.00015547 -2.00000 10.07918 0.8000156283 2.4187300205    0.770  2.922  3.6617  1.001    3  0.000  0.530    19.07    13.03     8.89     6.97     5.65  2 -3.74e-09      0.00 7.533e-01 2.465e-01 2.759e-05 7.821e-06 6.949e-05 -1.000 1.636e-04 -2.535 0.661 -1.469 -2.416 -2.749 -2.930
0.00015547 -2.00000 10.07918 0.8000283837 2.4187345505    0.767  2.969  3.6593  0.943    3  0.000  0.530    21.56    14.46     9.82     7.71     6.25  2 -4.46e-09      0.00 7.533e-01 2.465e-01 2.759e-05 7.821e-06 6.949e-05 -1.000 1.636e-04 -2.652 0.717 -1.529 -2.522 -2.868 -3.054
0.00015547 -2.00000 10.07918 0.8000388145 2.4187381268    0.764  3.010  3.6568  0.890    3  0.000  0.530    24.08    15.89    10.75     8.45     6.85  1 -5.23e-09      0.00 7.533e-01 2.465e-01 2.759e-05 7.821e-06 6.949e-05 -1.000 1.636e-04 -2.755 0.765 -1.576 -2.611 -2.969 -3.161
0.00015547 -2.00000 10.07918 0.8000476956 2.4187412262    0.762  3.047  3.6548  0.844    3  0.000  0.530    26.56    17.27    11.64     9.16     7.43  1 -6.02e-09      0.00 7.533e-01 2.465e-01 2.759e-05 7.821e-06 6.949e-05 -1.000 1.636e-04 -2.848 0.771 -1.630 -2.693 -3.059 -3.256
0.00015547 -2.00000 10.07918 0.8000569344 2.4187445641    0.759  3.088  3.6523  0.792    3  0.000  0.530    29.65    18.96    12.72    10.03     8.13  1 -7.03e-09      0.00 7.533e-01 2.466e-01 2.759e-05 7.822e-06 6.949e-05 -1.000 1.637e-04 -2.949 0.788 -1.683 -2.780 -3.158 -3.361
0.00015547 -2.00000 10.07918 0.8000663519 2.4187476635    0.755  3.132  3.6498  0.735    3  0.000  0.530    33.40    20.97    14.01    11.06     8.97  1 -8.32e-09      0.00 7.533e-01 2.466e-01 2.759e-05 7.822e-06 6.949e-05 -1.000 1.636e-04 -3.060 0.802 -1.745 -2.876 -3.266 -3.475
0.00015547 -2.00000 10.07918 0.8000742793 2.4187505245    0.751  3.172  3.6473  0.683    3  0.000  0.530    37.26    23.01    15.30    12.10     9.82  1 -9.71e-09      0.00 7.533e-01 2.466e-01 2.759e-05 7.822e-06 6.949e-05 -1.000 1.636e-04 -3.160 0.822 -1.795 -2.960 -3.360 -3.575
0.00015547 -2.00000 10.07918 0.8000822067 2.4187533855    0.747  3.214  3.6449  0.629    3  0.000  0.530    41.76    25.34    16.78    13.29    10.79  1 -1.14e-08      0.00 7.533e-01 2.466e-01 2.759e-05 7.822e-06 6.949e-05 -1.000 1.636e-04 -3.265 0.840 -1.850 -3.049 -3.461 -3.682
0.00015547 -2.00000 10.07918 0.8000895977 2.4187557697    0.742  3.253  3.6424  0.577    3  0.000  0.530    46.59    27.80    18.32    14.54    11.80  1 -1.33e-08      0.00 7.533e-01 2.466e-01 2.759e-05 7.822e-06 6.949e-05 -1.000 1.636e-04 -3.364 0.866 -1.896 -3.130 -3.555 -3.782
0.00015547 -2.00000 10.07918 0.8000916839 2.4187567234    0.741  3.263  3.6419  0.564    3  0.000  0.530    47.85    28.43    18.72    14.86    12.06  1 -1.39e-08      0.00 7.533e-01 2.466e-01 2.759e-05 7.822e-06 6.949e-05 -1.000 1.637e-04 -3.388 0.872 -1.908 -3.151 -3.578 -3.807
0.00015547 -2.00000 10.07918 0.8000916839 2.4187567234    0.741  1.672  3.9019  3.195    4  0.000  0.532     0.00     0.00     0.00     0.00     0.00 -1    -1e-30      0.00 7.549e-01 2.450e-01 2.759e-05 7.739e-06 6.924e-05 -1.000 1.637e-04 0.589 1.701 0.523 0.645 0.781 0.876
0.00015547 -2.00000 10.07918 0.8000925183 2.4187569618    0.741  1.682  3.8959  3.161    4  0.000  0.532     0.00     0.00     0.00     0.00     0.00 -1    -1e-30      0.00 7.549e-01 2.450e-01 2.759e-05 7.739e-06 6.924e-05 -1.000 1.637e-04 0.564 1.681 0.502 0.608 0.734 0.825
0.00015547 -2.00000 10.07918 0.8001459241 2.4187755585    0.741  1.697  3.8891  3.119    4  0.000  0.532     0.00     0.00     0.00     0.00     0.00 -1    -1e-30      0.00 7.549e-01 2.450e-01 2.759e-05 7.739e-06 6.924e-05 -1.000 1.637e-04 0.527 1.649 0.472 0.557 0.672 0.759
0.00015547 -2.00000 10.07918 0.8001978397 2.4187936783    0.741  1.697  3.8898  3.122    4  0.000  0.532     0.00     0.00     0.00     0.00     0.00 -1    -1e-30      0.00 7.549e-01 2.450e-01 2.759e-05 7.739e-06 6.924e-05 -1.000 1.637e-04 0.527 1.648 0.470 0.557 0.674 0.761
0.00015547 -2.00000 10.07918 0.8002498746 2.4188117981    0.741  1.697  3.8906  3.125    4  0.000  0.532     0.00     0.00     0.00     0.00     0.00 -1    -1e-30      0.00 7.549e-01 2.450e-01 2.759e-05 7.739e-06 6.924e-05 -1.000 1.637e-04 0.527 1.647 0.469 0.559 0.677 0.764
0.00015547 -2.00000 10.07918 0.8003025651 2.4188303947    0.741  1.697  3.8914  3.128    4  0.000  0.532     0.00     0.00     0.00     0.00     0.00 -1    -1e-30      0.00 7.549e-01 2.450e-01 2.759e-05 7.739e-06 6.924e-05 -1.000 1.637e-04 0.527 1.647 0.468 0.561 0.680 0.768
0.00015547 -2.00000 10.07918 0.8003565669 2.4188492298    0.741  1.697  3.8921  3.131    4  0.000  0.532     0.00     0.00     0.00     0.00     0.00 -1    -1e-30      0.00 7.549e-01 2.450e-01 2.759e-05 7.739e-06 6.924e-05 -1.000 1.637e-04 0.527 1.646 0.467 0.562 0.683 0.771
0.00015547 -2.00000 10.07918 0.8004102111 2.4188678265    0.741  1.697  3.8927  3.133    4  0.000  0.532     0.00     0.00     0.00     0.00     0.00 -1    -1e-30      0.00 7.549e-01 2.450e-01 2.759e-05 7.739e-06 6.924e-05 -1.000 1.637e-04 0.527 1.646 0.467 0.563 0.685 0.773
0.00015547 -2.00000 10.07918 0.8004603386 2.4188854694    0.741  1.697  3.8930  3.135    4  0.000  0.532     0.00     0.00     0.00     0.00     0.00 -1    -1e-30      0.00 7.549e-01 2.450e-01 2.759e-05 7.739e-06 6.924e-05 -1.000 1.637e-04 0.527 1.646 0.467 0.564 0.686 0.775
0.00015547 -2.00000 10.07918 0.8005144596 2.4189043045    0.741  1.697  3.8931  3.135    4  0.000  0.532     0.00     0.00     0.00     0.00     0.00 -1    -1e-30      0.00 7.549e-01 2.450e-01 2.759e-05 7.739e-06 6.924e-05 -1.000 1.637e-04 0.526 1.645 0.466 0.564 0.686 0.775
0.00015547 -2.00000 10.07918 0.8005643487 2.4189217091    0.741  1.698  3.8928  3.133    4  0.000  0.532     0.00     0.00     0.00     0.00     0.00 -1    -1e-30      0.00 7.549e-01 2.450e-01 2.759e-05 7.739e-06 6.924e-05 -1.000 1.637e-04 0.525 1.644 0.465 0.562 0.683 0.772
0.00015547 -2.00000 10.07918 0.8006148934 2.4189393520    0.741  1.699  3.8921  3.130    4  0.000  0.532     0.00     0.00     0.00     0.00     0.00 -1    -1e-30      0.00 7.549e-01 2.450e-01 2.759e-05 7.739e-06 6.924e-05 -1.000 1.636e-04 0.524 1.643 0.464 0.559 0.679 0.768
0.00015547 -2.00000 10.07918 0.8006679416 2.4189579487    0.741  1.700  3.8909  3.124    4  0.000  0.532     0.00     0.00     0.00     0.00     0.00 -1    -1e-30      0.00 7.549e-01 2.450e-01 2.759e-05 7.739e-06 6.924e-05 -1.000 1.636e-04 0.521 1.642 0.463 0.554 0.673 0.760
0.00015547 -2.00000 10.07918 0.8007231355 2.4189772606    0.741  1.701  3.8892  3.116    4  0.000  0.532     0.00     0.00     0.00     0.00     0.00 -1    -1e-30      0.00 7.549e-01 2.450e-01 2.759e-05 7.739e-06 6.924e-05 -1.000 1.637e-04 0.518 1.640 0.462 0.548 0.663 0.750
0.00015547 -2.00000 10.07918 0.8007745743 2.4189951420    0.741  1.702  3.8870  3.105    4  0.000  0.532     0.00     0.00     0.00     0.00     0.00 -1    -1e-30      0.00 7.549e-01 2.450e-01 2.759e-05 7.739e-06 6.924e-05 -1.000 1.637e-04 0.514 1.637 0.462 0.540 0.652 0.737
0.00015547 -2.00000 10.07918 0.8008250594 2.4190127850    0.741  1.704  3.8842  3.092    4  0.000  0.532     0.00     0.00     0.00     0.00     0.00 -1    -1e-30      0.00 7.549e-01 2.450e-01 2.759e-05 7.739e-06 6.924e-05 -1.000 1.637e-04 0.509 1.634 0.462 0.531 0.638 0.721
0.00015547 -2.00000 10.07918 0.8008781672 2.4190313816    0.741  1.707  3.8806  3.076    4  0.000  0.532     0.00     0.00     0.00     0.00     0.00 -1    -1e-30      0.00 7.549e-01 2.450e-01 2.759e-05 7.739e-06 6.924e-05 -1.000 1.637e-04 0.503 1.630 0.463 0.519 0.620 0.700
0.00015547 -2.00000 10.07918 0.8009281754 2.4190487862    0.742  1.710  3.8766  3.057    4  0.000  0.532     0.00     0.00     0.00     0.00     0.00 -1    -1e-30      0.00 7.549e-01 2.450e-01 2.759e-05 7.739e-06 6.924e-05 -1.000 1.637e-04 0.496 1.626 0.465 0.508 0.601 0.678
0.00015547 -2.00000 10.07918 0.8009785414 2.4190661907    0.742  1.713  3.8720  3.036    4  0.000  0.532     0.00     0.00     0.00     0.00     0.00 -1    -1e-30      0.00 7.549e-01 2.450e-01 2.759e-05 7.739e-06 6.924e-05 -1.000 1.636e-04 0.489 1.622 0.467 0.494 0.579 0.653
0.00015547 -2.00000 10.07918 0.8010303378 2.4190843105    0.742  1.716  3.8666  3.011    4  0.000  0.532     0.00     0.00     0.00     0.00     0.00 -1    -1e-30      0.00 7.549e-01 2.450e-01 2.759e-05 7.739e-06 6.924e-05 -1.000 1.636e-04 0.480 1.616 0.470 0.480 0.555 0.624
0.00015547 -2.00000 10.07918 0.8010834455 2.4191029072    0.742  1.720  3.8604  2.982    4  0.000  0.532     0.00     0.00     0.00     0.00     0.00 -1    -1e-30      0.00 7.549e-01 2.450e-01 2.759e-05 7.739e-06 6.924e-05 -1.000 1.637e-04 0.469 1.610 0.475 0.464 0.527 0.591
0.00015547 -2.00000 10.07918 0.8011329770 2.4191200733    0.742  1.724  3.8540  2.952    4  0.000  0.532     0.00     0.00     0.00     0.00     0.00 -1    -1e-30      0.00 7.549e-01 2.450e-01 2.759e-05 7.739e-06 6.924e-05 -1.000 1.636e-04 0.459 1.603 0.482 0.449 0.501 0.559
0.00015547 -2.00000 10.07918 0.8011376858 2.4191217422    0.742  1.725  3.8533  2.949    4  0.000  0.532     0.00     0.00     0.00     0.00     0.00 -1    -1e-30      0.00 7.549e-01 2.450e-01 2.759e-05 7.739e-06 6.924e-05 -1.000 1.637e-04 0.458 1.603 0.482 0.448 0.498 0.556
0.00015547 -2.00000 10.07918 0.8011463284 2.4191248417    0.742  1.726  3.8522  2.943    4  0.000  0.532     0.00     0.00     0.00     0.00     0.00 -1    -1e-30      0.00 7.549e-01 2.450e-01 2.759e-05 7.739e-06 6.924e-05 -1.000 1.637e-04 0.456 1.602 0.483 0.446 0.493 0.550
0.00015547 -2.00000 10.07918 0.8011974692 2.4191427231    0.742  1.730  3.8453  2.911    4  0.000  0.532     0.00     0.00     0.00     0.00     0.00 -1    -1e-30      0.00 7.549e-01 2.450e-01 2.759e-05 7.739e-06 6.924e-05 -1.000 1.637e-04 0.444 1.595 0.491 0.431 0.465 0.516
0.00015547 -2.00000 10.07918 0.8012473583 2.4191598892    0.742  1.735  3.8383  2.879    4  0.000  0.532     0.00     0.00     0.00     0.00     0.00 -1    -1e-30      0.00 7.549e-01 2.450e-01 2.759e-05 7.739e-06 6.924e-05 -1.000 1.637e-04 0.433 1.590 0.499 0.416 0.438 0.482
0.00015547 -2.00000 10.07918 0.8013007045 2.4191784859    0.742  1.740  3.8303  2.841    4  0.000  0.532     0.00     0.00     0.00     0.00     0.00 -1    -1e-30      0.00 7.549e-01 2.450e-01 2.759e-05 7.739e-06 6.924e-05 -1.000 1.637e-04 0.419 1.584 0.509 0.400 0.406 0.443
0.00015547 -2.00000 10.07918 0.8013514280 2.4191963673    0.742  1.746  3.8223  2.804    4  0.000  0.532     0.00     0.00     0.00     0.00     0.00 -1    -1e-30      0.00 7.549e-01 2.450e-01 2.759e-05 7.739e-06 6.924e-05 -1.000 1.637e-04 0.405 1.580 0.519 0.384 0.376 0.404
0.00015547 -2.00000 10.07918 0.8014001250 2.4192132950    0.742  1.752  3.8151  2.769    4  0.000  0.532     0.00     0.00     0.00     0.00     0.00 -1    -1e-30      0.00 7.549e-01 2.450e-01 2.759e-05 7.739e-06 6.924e-05 -1.000 1.637e-04 0.391 1.577 0.528 0.369 0.348 0.368
0.00015547 -2.00000 10.07918 0.8014503121 2.4192306995    0.742  1.758  3.8076  2.733    4  0.000  0.532     0.00     0.00     0.00     0.00     0.00 -1    -1e-30      0.00 7.549e-01 2.450e-01 2.759e-05 7.739e-06 6.924e-05 -1.000 1.636e-04 0.375 1.573 0.539 0.353 0.318 0.331
0.00015547 -2.00000 10.07918 0.8014996052 2.4192478657    0.742  1.764  3.8007  2.699    4  0.000  0.532     0.00     0.00     0.00     0.00     0.00 -1    -1e-30      0.00 7.549e-01 2.450e-01 2.759e-05 7.739e-06 6.924e-05 -1.000 1.637e-04 0.360 1.569 0.549 0.339 0.291 0.297
0.00015547 -2.00000 10.07918 0.8015494347 2.4192652702    0.742  1.770  3.7942  2.667    4  0.000  0.532     0.00     0.00     0.00     0.00     0.00 -1    -1e-30      0.00 7.549e-01 2.450e-01 2.759e-05 7.739e-06 6.924e-05 -1.000 1.637e-04 0.344 1.567 0.557 0.324 0.264 0.263
0.00015547 -2.00000 10.07918 0.8015992641 2.4192826748    0.742  1.777  3.7882  2.636    4  0.000  0.532     0.00     0.00     0.00     0.00     0.00 -1    -1e-30      0.00 7.549e-01 2.450e-01 2.759e-05 7.739e-06 6.924e-05 -1.000 1.637e-04 0.327 1.563 0.563 0.309 0.237 0.229
0.00015547 -2.00000 10.07918 0.8016495109 2.4193000793    0.742  1.786  3.7816  2.601    4  0.000  0.532     0.00     0.00     0.00     0.00     0.00 -1    -1e-30      0.00 7.549e-01 2.450e-01 2.759e-05 7.739e-06 6.924e-05 -1.000 1.637e-04 0.304 1.558 0.566 0.288 0.205 0.189
0.00015547 -2.00000 10.07918 0.8016594648 2.4193034172    0.742  1.781  3.7831  2.612    4  0.000  0.532     0.00     0.00     0.00     0.00     0.00 -1    -1e-30      0.00 7.549e-01 2.450e-01 2.759e-05 7.739e-06 6.924e-05 -1.000 1.637e-04 0.317 1.567 0.573 0.301 0.220 0.206
0.00015547 -2.00000 10.07918 0.8017110229 2.4193215370    0.742  1.794  3.7754  2.568    4  0.000  0.532     0.00     0.00     0.00     0.00     0.00 -1    -1e-30      0.00 7.549e-01 2.450e-01 2.759e-05 7.739e-06 6.924e-05 -1.000 1.637e-04 0.285 1.560 0.570 0.271 0.176 0.153
0.00015547 -2.00000 10.07918 0.8017617464 2.4193391800    0.742  1.811  3.7675  2.519    4  0.000  0.532     0.00     0.00     0.00     0.00     0.00 -1    -1e-30      0.00 7.549e-01 2.450e-01 2.759e-05 7.739e-06 6.924e-05 -1.000 1.637e-04 0.242 1.547 0.558 0.231 0.123 0.090
0.00015547 -2.00000 10.07918 0.8018044829 2.4193539619    0.743  1.839  3.7579  2.453    4  0.000  0.532     0.00     0.00     0.00     0.00     0.00 -1    -1e-30      0.00 7.549e-01 2.450e-01 2.759e-05 7.739e-06 6.924e-05 -1.000 1.636e-04 0.173 1.518 0.528 0.167 0.041 -0.003
0.00015547 -2.00000 10.07918 0.8018276095 2.4193620682    0.743  1.871  3.7489  2.385    4  0.000  0.532     0.00     0.00     0.00     0.00     0.00 -1    -1e-30      0.00 7.549e-01 2.450e-01 2.759e-05 7.739e-06 6.924e-05 -1.000 1.637e-04 0.092 1.483 0.485 0.091 -0.051 -0.106
0.00015547 -2.00000 10.07918 0.8018381000 2.4193656445    0.743  1.905  3.7411  2.320    4  0.000  0.532     0.00     0.00     0.00     0.00     0.00 -1    -1e-30      0.00 7.549e-01 2.450e-01 2.759e-05 7.739e-06 6.924e-05 -1.000 1.637e-04 0.007 1.443 0.433 0.011 -0.144 -0.209
0.00015547 -2.00000 10.07918 0.8018427491 2.4193673134    0.743  1.941  3.7343  2.257    4  0.000  0.532     0.00     0.00     0.00     0.00     0.00 -1    -1e-30      0.00 7.549e-01 2.450e-01 2.759e-05 7.739e-06 6.924e-05 -1.000 1.637e-04 -0.083 1.407 0.373 -0.074 -0.241 -0.315
0.00015547 -2.00000 10.07918 0.8018449545 2.4193680286    0.743  1.976  3.7290  2.201    4  0.000  0.532     0.00     0.00     0.00     0.00     0.00 -1    -1e-30      0.00 7.549e-01 2.450e-01 2.759e-05 7.739e-06 6.924e-05 -1.000 1.636e-04 -0.170 1.364 0.310 -0.158 -0.335 -0.415
0.00015547 -2.00000 10.07918 0.8018458486 2.4193682671    0.743  1.999  3.7260  2.166    7  0.000  0.532     0.00     0.00     0.00     0.00     0.00 -1    -1e-30      0.00 7.549e-01 2.450e-01 2.759e-05 7.739e-06 6.924e-05 -1.000 1.637e-04 -0.228 1.333 0.265 -0.214 -0.396 -0.480
0.00015547 -2.00000 10.07918 0.8018460870 2.4193685055    0.743  2.009  3.7249  2.151    7  0.000  0.532     0.00     0.00     0.00     0.00     0.00 -1    -1e-30      0.00 7.549e-01 2.450e-01 2.759e-05 7.739e-06 6.924e-05 -1.000 1.637e-04 -0.253 1.319 0.246 -0.237 -0.421 -0.507
0.00015547 -2.00000 10.07918 0.8018470407 2.4193687439    0.743  2.048  3.7212  2.097    7  0.000  0.532     0.00     0.00     0.00     0.00     0.00 -1    -1e-30      0.00 7.549e-01 2.450e-01 2.759e-05 7.739e-06 6.924e-05 -1.000 1.637e-04 -0.351 1.256 0.165 -0.333 -0.523 -0.614
0.00015547 -2.00000 10.07918 0.8018479347 2.4193692207    0.743  2.087  3.7179  2.045    7  0.000  0.532     0.00     0.00     0.00     0.00     0.00 -1    -1e-30      0.00 7.549e-01 2.450e-01 2.759e-05 7.739e-06 6.924e-05 -1.000 1.637e-04 -0.448 1.194 0.085 -0.426 -0.623 -0.718
0.00015547 -2.00000 10.07918 0.8018488288 2.4193694592    0.743  2.121  3.7152  2.001    7  0.000  0.532     0.00     0.00     0.00     0.00     0.00 -1    -1e-30      0.00 7.549e-01 2.450e-01 2.759e-05 7.739e-06 6.924e-05 -1.000 1.637e-04 -0.533 1.139 0.014 -0.508 -0.710 -0.808
0.00015547 -2.00000 10.07918 0.8018497229 2.4193696976    0.743  2.149  3.7132  1.965    7  0.000  0.532     0.00     0.00     0.00     0.00     0.00 -1    -1e-30      0.00 7.549e-01 2.450e-01 2.759e-05 7.739e-06 6.924e-05 -1.000 1.637e-04 -0.603 1.094 -0.046 -0.577 -0.782 -0.883
0.00015547 -2.00000 10.07918 0.8018511534 2.4193701744    0.743  2.168  3.7121  1.941    7  0.000  0.532     0.00     0.00     0.00     0.00     0.00 -1    -1e-30      0.00 7.549e-01 2.450e-01 2.759e-05 7.739e-06 6.924e-05 -1.000 1.636e-04 -0.649 1.063 -0.086 -0.622 -0.829 -0.932
0.00015547 -2.00000 10.07918 0.8018538356 2.4193711281    0.743  2.149  3.7136  1.966    7  0.000  0.532     0.00     0.00     0.00     0.00     0.00 -1    -1e-30      0.00 7.549e-01 2.450e-01 2.759e-05 7.739e-06 6.924e-05 -1.000 1.636e-04 -0.601 1.092 -0.046 -0.576 -0.780 -0.881
0.00015547 -2.00000 10.07918 0.8018708229 2.4193770885    0.743  2.139  3.7139  1.978    7  0.000  0.532     0.00     0.00     0.00     0.00     0.00 -1    -1e-30      0.00 7.549e-01 2.450e-01 2.759e-05 7.739e-06 6.924e-05 -1.000 1.637e-04 -0.576 1.111 -0.023 -0.551 -0.755 -0.855
0.00015547 -2.00000 10.07918 0.8018867373 2.4193825722    0.743  2.164  3.7118  1.944    7  0.000  0.532     0.00     0.00     0.00     0.00     0.00 -1    -1e-30      0.00 7.549e-01 2.450e-01 2.759e-05 7.739e-06 6.924e-05 -1.000 1.636e-04 -0.640 1.073 -0.076 -0.613 -0.821 -0.924
0.00015547 -2.00000 10.07918 0.8019060493 2.4193892479    0.743  2.210  3.7086  1.885    7  0.000  0.532     0.00     0.00     0.00     0.00     0.00 -1    -1e-30      0.00 7.549e-01 2.450e-01 2.759e-05 7.739e-06 6.924e-05 -1.000 1.637e-04 -0.754 1.002 -0.172 -0.724 -0.938 -1.045
0.00015547 -2.00000 10.07918 0.8019245267 2.4193956852    0.743  2.257  3.7055  1.826    7  0.000  0.532     0.00     0.00     0.00     0.00     0.00 -1    -1e-30      0.00 7.549e-01 2.450e-01 2.759e-05 7.739e-06 6.924e-05 -1.000 1.636e-04 -0.872 0.930 -0.271 -0.837 -1.058 -1.169
0.00015547 -2.00000 10.07918 0.8019415140 2.4194016457    0.743  2.303  3.7025  1.768    7  0.000  0.532     0.00     0.00     0.00     0.00     0.00 -1    -1e-30      0.00 7.549e-01 2.450e-01 2.759e-05 7.739e-06 6.924e-05 -1.000 1.637e-04 -0.988 0.856 -0.370 -0.950 -1.175 -1.291
0.00015547 -2.00000 10.07918 0.8019568324 2.4194068909    0.743  2.346  3.6999  1.714    7  0.000  0.532     0.00     0.00     0.00     0.00     0.00 -1    -1e-30      0.00 7.549e-01 2.450e-01 2.759e-05 7.740e-06 6.924e-05 -1.000 1.622e-04 -1.096 0.787 -0.462 -1.054 -1.285 -1.405
0.00015547 -2.00000 10.07918 0.8019704223 2.4194116592    0.743  2.389  3.6974  1.662    7  0.000  0.531     0.00     0.00     0.00     0.00     0.00 -1    -1e-30      0.00 7.549e-01 2.450e-01 2.758e-05 7.742e-06 6.924e-05 -1.000 1.395e-04 -1.201 0.722 -0.551 -1.156 -1.392 -1.515
0.00015547 -2.00000 10.07918 0.8019823432 2.4194159508    0.743  2.430  3.6949  1.611    7  0.000  0.530     0.00     0.00     0.00     0.00     0.00 -1    -1e-30      0.00 7.549e-01 2.449e-01 2.752e-05 7.764e-06 6.924e-05 -1.000 1.524e-04 -1.305 0.658 -0.638 -1.256 -1.497 -1.623
0.00015547 -2.00000 10.07918 0.8019928336 2.4194195271    0.743  2.471  3.6926  1.560    7  0.000  0.525     0.00     0.00     0.00     0.00     0.00 -1    -1e-30      0.00 7.549e-01 2.450e-01 2.730e-05 7.904e-06 6.924e-05 -1.000 1.364e-04 -1.407 0.595 -0.724 -1.354 -1.599 -1.730
0.00015547 -2.00000 10.07918 0.8020023704 2.4194228649    0.743  2.511  3.6902  1.510    7  0.000  0.515     6.39     5.14     3.66     2.83     2.29  3    -1e-30      0.00 7.548e-01 2.450e-01 2.679e-05 8.400e-06 6.925e-05 -1.000 1.584e-04 -1.509 0.532 -0.810 -1.451 -1.702 -1.836
0.00015547 -2.00000 10.07918 0.8020110130 2.4194257259    0.743  2.552  3.6879  1.460    7  0.000  0.500     7.11     5.63     3.99     3.09     2.50  3    -1e-30      0.00 7.547e-01 2.451e-01 2.606e-05 9.247e-06 6.926e-05 -1.000 1.636e-04 -1.610 0.474 -0.894 -1.548 -1.804 -1.941
0.00015547 -2.00000 10.07918 0.8020190001 2.4194285870    0.743  2.593  3.6856  1.410    7  0.000  0.485     7.91     6.16     4.35     3.37     2.73  3    -1e-30      0.00 7.546e-01 2.452e-01 2.531e-05 1.017e-05 6.927e-05 -1.000 1.636e-04 -1.711 0.420 -0.977 -1.644 -1.906 -2.046
0.00015547 -2.00000 10.07918 0.8020263910 2.4194312096    0.743  2.633  3.6832  1.361    7  0.000  0.472     8.79     6.74     4.74     3.68     2.98  3    -1e-30      0.00 7.544e-01 2.454e-01 2.464e-05 1.099e-05 6.928e-05 -1.000 1.518e-04 -1.813 0.396 -1.055 -1.743 -2.010 -2.154
0.00015547 -2.00000 10.07918 0.8020334244 2.4194335938    0.743  2.673  3.6808  1.311    7  0.000  0.461     9.77     7.38     5.16     4.02     3.25  3    -1e-30      0.00 7.543e-01 2.456e-01 2.406e-05 1.170e-05 6.928e-05 -1.000 1.449e-04 -1.913 0.378 -1.131 -1.841 -2.113 -2.261
0.00015547 -2.00000 10.07918 0.8020401001 2.4194359779    0.743  2.713  3.6785  1.262    7  0.000  0.451    10.85     8.06     5.62     4.38     3.54  3    -1e-30      0.00 7.540e-01 2.458e-01 2.355e-05 1.233e-05 6.929e-05 -1.000 1.637e-04 -2.013 0.368 -1.204 -1.937 -2.216 -2.367
0.00015547 -2.00000 10.07918 0.8020465374 2.4194381237    0.743  2.753  3.6761  1.212    7  0.000  0.443    12.05     8.81     6.12     4.77     3.86  2    -1e-30      0.00 7.539e-01 2.460e-01 2.312e-05 1.287e-05 6.928e-05 -1.000 1.637e-04 -2.113 0.367 -1.273 -2.032 -2.318 -2.473
0.00015547 -2.00000 10.07918 0.8020526171 2.4194402695    0.743  2.794  3.6737  1.162    7  0.000  0.435    13.41     9.65     6.67     5.21     4.22  2    -1e-30      0.00 7.536e-01 2.462e-01 2.273e-05 1.334e-05 6.926e-05 -1.000 1.637e-04 -2.214 0.374 -1.342 -2.129 -2.422 -2.581
0.00015547 -2.00000 10.07918 0.8020578623 2.4194421768    0.743  2.835  3.6712  1.111    7  0.000  0.429    14.95    10.58     7.29     5.70     4.62  2    -1e-30      0.00 7.534e-01 2.464e-01 2.240e-05 1.376e-05 6.922e-05 -1.000 1.637e-04 -2.317 0.390 -1.408 -2.226 -2.527 -2.690
0.00015547 -2.00000 10.07918 0.8020623326 2.4194436073    0.743  2.875  3.6688  1.061    7  0.000  0.424    16.64    11.59     7.95     6.23     5.04  2    -1e-30      0.00 7.532e-01 2.466e-01 2.212e-05 1.411e-05 6.915e-05 -1.000 1.636e-04 -2.418 0.417 -1.469 -2.321 -2.630 -2.798
0.00015547 -2.00000 10.07918 0.8020661473 2.4194450378    0.743  2.916  3.6662  1.009    7  0.000  0.420    18.56    12.72     8.68     6.81     5.52  2    -1e-30      0.00 7.530e-01 2.469e-01 2.187e-05 1.446e-05 6.904e-05 -1.000 1.556e-04 -2.521 0.456 -1.528 -2.416 -2.735 -2.907
0.00015547 -2.00000 10.07918 0.8020696044 2.4194462299    0.743  2.957  3.6637  0.959    7  0.000  0.417    20.67    13.94     9.48     7.44     6.03  2    -1e-30      0.00 7.528e-01 2.471e-01 2.167e-05 1.477e-05 6.890e-05 -1.000 1.390e-04 -2.621 0.512 -1.578 -2.508 -2.837 -3.015
0.00015547 -2.00000 10.07918 0.8020731211 2.4194474220    0.743  2.999  3.6609  0.906    7  0.000  0.415    23.15    15.35    10.39     8.17     6.62  1    -1e-30      0.00 7.525e-01 2.473e-01 2.150e-05 1.508e-05 6.873e-05 -1.000 1.636e-04 -2.728 0.588 -1.623 -2.603 -2.945 -3.129
0.00015547 -2.00000 10.07918 0.8020762801 2.4194486141    0.743  3.043  3.6581  0.851    7  0.000  0.414    26.02    16.95    11.42     9.00     7.30  1    -1e-30      0.00 7.523e-01 2.475e-01 2.136e-05 1.536e-05 6.856e-05 -1.000 1.636e-04 -2.837 0.679 -1.664 -2.698 -3.055 -3.245
0.00015547 -2.00000 10.07918 0.8020777702 2.4194490910    0.743  3.066  3.6566  0.821    7  0.000  0.413    27.74    17.89    12.03     9.49     7.69  1    -1e-30      0.00 7.522e-01 2.477e-01 2.128e-05 1.556e-05 6.843e-05 -1.000 1.636e-04 -2.896 0.694 -1.694 -2.749 -3.112 -3.307
0.00015547 -2.00000 10.07918 0.8020781875 2.4194490910    0.743  3.061  3.6569  0.828    7  0.000  0.413    27.32    17.67    11.88     9.37     7.60  1    -1e-30      0.00 7.521e-01 2.477e-01 2.125e-05 1.566e-05 6.836e-05 -1.000 1.636e-04 -2.882 0.692 -1.686 -2.737 -3.098 -3.292
0.00015547 -2.00000 10.07918 0.8020783067 2.4194493294    0.743  3.060  3.6569  0.829    7  0.000  0.413    27.26    17.63    11.86     9.35     7.58  1    -1e-30      0.00 7.521e-01 2.477e-01 2.124e-05 1.567e-05 6.835e-05 -1.000 1.637e-04 -2.880 0.692 -1.685 -2.735 -3.096 -3.290
0.00015547 -2.00000 10.07918 0.8020783663 2.4194493294    0.743  3.060  3.6569  0.828    7  0.000  0.413    27.28    17.64    11.87     9.36     7.59  1    -1e-30      0.00 7.521e-01 2.477e-01 2.124e-05 1.568e-05 6.835e-05 -1.000 1.636e-04 -2.880 0.692 -1.685 -2.735 -3.097 -3.290
0.00015547 -2.00000 10.07918 0.8020784855 2.4194493294    0.743  3.067  3.6565  0.819    7  0.000  0.413    27.81    17.94    12.06     9.51     7.71  1    -1e-30      0.00 7.521e-01 2.477e-01 2.123e-05 1.570e-05 6.834e-05 -1.000 1.636e-04 -2.899 0.695 -1.695 -2.751 -3.115 -3.309
0.00015547 -2.00000 10.07918 0.8020786047 2.4194493294    0.743  3.072  3.6562  0.813    7  0.000  0.413    28.17    18.13    12.18     9.61     7.79  1    -1e-30      0.00 7.521e-01 2.477e-01 2.123e-05 1.571e-05 6.833e-05 -1.000 1.636e-04 -2.911 0.697 -1.702 -2.761 -3.126 -3.321
0.00015547 -2.00000 10.07918 0.8020787835 2.4194493294    0.743  3.081  3.6556  0.802    7  0.000  0.412    28.87    18.51    12.43     9.80     7.95  1    -1e-30      0.00 7.521e-01 2.478e-01 2.122e-05 1.573e-05 6.832e-05 -1.000 1.636e-04 -2.934 0.701 -1.714 -2.781 -3.148 -3.345
0.00015547 -2.00000 10.07918 0.8020789623 2.4194493294    0.743  3.101  3.6543  0.777    7  0.000  0.412    30.41    19.35    12.96    10.23     8.30  1    -1e-30      0.00 7.520e-01 2.479e-01 2.117e-05 1.589e-05 6.820e-05 -1.000 1.637e-04 -2.982 0.711 -1.739 -2.822 -3.195 -3.395
0.00015547 -2.00000 10.07918 0.8020793200 2.4194495678    0.743  3.148  3.6510  0.717    7  0.000  0.411    34.57    21.58    14.38    11.37     9.23  1    -1e-30      0.00 7.517e-01 2.481e-01 2.103e-05 1.630e-05 6.790e-05 -1.000 1.636e-04 -3.100 0.743 -1.795 -2.922 -3.309 -3.516
0.00015547 -2.00000 10.07918 0.8020799160 2.4194498062    0.743  3.212  3.6465  0.635    7  0.523  0.410    41.21    25.05    16.59    13.14    10.67  1    -1e-30      0.00 7.512e-01 2.487e-01 2.077e-05 1.715e-05 6.730e-05 -1.000 1.637e-04 -3.260 0.793 -1.868 -3.053 -3.460 -3.678
0.00015547 -2.00000 10.07918 0.8020802140 2.4194498062    0.743  3.225  3.6424  0.606    8  0.521  0.424    43.81    26.39    17.43    13.82    11.22  1 -3.77e-07      0.00 7.511e-01 2.488e-01 2.167e-05 1.739e-05 6.785e-05 -1.000 1.603e-04 -3.291 0.911 -1.833 -3.059 -3.481 -3.708
0.00015547 -2.00000 10.07918 0.8020802736 2.4194498062    0.741  3.003  3.6576  0.887    8  0.521  0.426    24.05    15.85    10.71     8.43     6.83  1 -1.58e-07      0.00 7.511e-01 2.488e-01 2.167e-05 1.739e-05 6.785e-05 -1.000 1.603e-04 -2.737 0.764 -1.567 -2.597 -2.953 -3.143
0.00015547 -2.00000 10.07918 0.8020803928 2.4194500446    0.739  2.847  3.6682  1.084    8  0.521  0.426    15.82    11.10     7.62     5.97     4.84  2 -9.14e-08      0.00 7.511e-01 2.488e-01 2.167e-05 1.739e-05 6.785e-05 -1.000 1.603e-04 -2.348 0.502 -1.393 -2.249 -2.560 -2.728
0.00015547 -2.00000 10.07918 0.8020806313 2.4194500446    0.733  2.635  3.6826  1.351    8  0.521  0.426     8.94     6.84     4.80     3.73     3.02  3 -4.67e-08      0.00 7.511e-01 2.488e-01 2.167e-05 1.739e-05 6.785e-05 -1.000 1.603e-04 -1.817 0.411 -1.054 -1.747 -2.015 -2.160
0.00015547 -2.00000 10.07918 0.8020809293 2.4194500446    0.726  2.640  3.6820  1.339    8  0.521  0.426     9.14     6.97     4.88     3.80     3.07  3 -4.79e-08      0.00 7.511e-01 2.488e-01 2.167e-05 1.739e-05 6.785e-05 -1.000 1.603e-04 -1.830 0.417 -1.061 -1.759 -2.029 -2.175
0.00015547 -2.00000 10.07918 0.8020813465 2.4194502831    0.718  2.723  3.6761  1.227    8  0.521  0.426    11.55     8.50     5.91     4.61     3.73  2 -6.27e-08      0.00 7.511e-01 2.488e-01 2.167e-05 1.739e-05 6.785e-05 -1.000 1.603e-04 -2.037 0.438 -1.199 -1.957 -2.242 -2.397
0.00015547 -2.00000 10.07918 0.8020818233 2.4194505215    0.707  2.910  3.6631  0.982    8  0.522  0.426    19.42    13.20     8.98     7.06     5.72  2 -1.19e-07      0.00 7.511e-01 2.488e-01 2.167e-05 1.739e-05 6.785e-05 -1.000 1.603e-04 -2.504 0.641 -1.456 -2.389 -2.719 -2.897
0.00015547 -2.00000 10.07918 0.8020823598 2.4194505215    0.695  3.078  3.6512  0.759    8  0.522  0.426    31.17    19.68    13.15    10.41     8.44  1 -2.28e-07      0.00 7.511e-01 2.488e-01 2.167e-05 1.739e-05 6.785e-05 -1.000 1.602e-04 -2.925 0.875 -1.635 -2.749 -3.133 -3.339
0.00015547 -2.00000 10.07918 0.8020830154 2.4194507599    0.681  3.191  3.6431  0.605    8  0.522  0.426    43.09    25.83    17.05    13.56    11.00  1  -3.7e-07      0.00 7.511e-01 2.488e-01 2.167e-05 1.739e-05 6.785e-05 -1.000 1.602e-04 -3.206 0.974 -1.759 -2.979 -3.398 -3.624
0.00015547 -2.00000 10.07918 0.8020837307 2.4194509983    0.666  3.252  3.6385  0.515    8  0.523  0.426    52.02    30.22    19.80    15.79    12.81  1 -4.97e-07      0.00 7.511e-01 2.488e-01 2.167e-05 1.739e-05 6.785e-05 -1.000 1.602e-04 -3.361 1.053 -1.812 -3.099 -3.542 -3.779
0.00015547 -2.00000 10.07918 0.8020845056 2.4194514751    0.650  3.283  3.6360  0.464    8  0.523  0.426    57.83    32.96    21.49    17.18    13.94  1 -5.89e-07      0.00 7.511e-01 2.488e-01 2.167e-05 1.739e-05 6.785e-05 -1.000 1.602e-04 -3.437 1.109 -1.827 -3.154 -3.611 -3.856
0.00015547 -2.00000 10.07918 0.8020853996 2.4194517136    0.632  3.301  3.6343  0.427    8  0.524  0.426    62.22    34.95    22.72    18.20    14.76  1 -6.65e-07      0.00 7.511e-01 2.488e-01 2.167e-05 1.739e-05 6.785e-05 -1.000 1.602e-04 -3.482 1.155 -1.827 -3.182 -3.650 -3.900
0.00015547 -2.00000 10.07918 0.8020895123 2.4194531441    0.526 -9.999  4.0000  1.883    9  0.526  0.000     0.00     0.00     0.00     0.00     0.00 -1    -1e-30      0.00 7.511e-01 2.488e-01 2.167e-05 1.739e-05 6.785e-05 -1.000 1.602e-04 29.767 30.700 29.956 30.210 30.431 30.556
#isochrone terminated
