# File generated by CMD 3.6 (http://stev.oapd.inaf.it/cmd) on Tue Dec  7 08:20:33 CET 2021
# isochrones based on PARSEC release v1.2S +  COLIBRI S_37 + S_35 + PR16
# Basic references: Bressan et al. (2012), MNRAS, 427, 127 + Chen et al. (2014, 2015), MNRAS, 444, 2525 + MNRAS, 452, 1068 + Tang et al. (2014), MNRAS, 445, 4287 + Marigo et al. (2017), ApJ, 835, 77 + Pastorelli al. (2019), MNRAS, 485, 5666 + Pastorelli al. (2020), MNRAS, in press
# Thermal pulse cycles included 
# On RGB, assumed Reimers mass loss with efficiency eta=0.2
# LPV periods and growth rates added cf. Trabucchi et al. (2019)
# but fundamental-mode LPV periods are from Trabucchi et al. (2021)
# Photometric system: SDSS <i>ugriz</i>
# Using YBC version of bolometric corrections as in Chen et al. (2019)
# O-rich circumstellar dpmod60alox40 dust from Groenewegen (2006)
# C-rich circumstellar AMCSIC15 dust from Groenewegen (2006)
# IMF: Kroupa (2001, 2002) + Kroupa et al. (2013) canonical two-part-power law IMF corrected for unresolved binaries 
# Kind of output: isochrone tables
# Zini     MH   logAge Mini        int_IMF         Mass   logL    logTe  logg  label   McoreTP C_O  period0  period1  period2  period3  period4  pmode  Mloss  tau1m   X   Y   Xc  Xn  Xo  Cexcess  Z 	 mbolmag  umag    gmag    rmag    imag    zmag
9.8116e-05 -2.19174 10.07918 0.1000000015 1.1711064577    0.100 -2.780  3.5588  5.405    1  0.000  0.545     0.00     0.00     0.00     0.00     0.00 -1 -1.31e-16      0.00 7.453e-01 2.546e-01 1.798e-05 4.851e-06 4.400e-05 -1.000 1.000e-04 11.721 16.757 13.813 12.201 11.569 11.193
9.8116e-05 -2.19174 10.07918 0.1098214313 1.2482755184    0.109 -2.632  3.5741  5.357    1  0.000  0.545     0.00     0.00     0.00     0.00     0.00 -1 -1.86e-16      0.00 7.435e-01 2.564e-01 1.798e-05 4.851e-06 4.400e-05 -1.000 1.000e-04 11.349 15.886 13.214 11.747 11.183 10.850
9.8116e-05 -2.19174 10.07918 0.1294642836 1.3786746264    0.129 -2.390  3.5965  5.277    1  0.000  0.545     0.00     0.00     0.00     0.00     0.00 -1 -3.28e-16      0.00 7.405e-01 2.594e-01 1.798e-05 4.851e-06 4.400e-05 -1.000 1.000e-04 10.744 14.648 12.311 11.053 10.563 10.276
9.8116e-05 -2.19174 10.07918 0.1491071582 1.4855960608    0.149 -2.227  3.6079  5.220    1  0.000  0.545     0.00     0.00     0.00     0.00     0.00 -1 -4.75e-16      0.00 7.387e-01 2.612e-01 1.798e-05 4.851e-06 4.400e-05 -1.000 9.990e-05 10.336 13.960 11.771 10.605 10.148 9.882
9.8116e-05 -2.19174 10.07918 0.1687500030 1.5756140947    0.168 -2.100  3.6152  5.176    1  0.000  0.545     0.00     0.00     0.00     0.00     0.00 -1 -6.29e-16      0.00 7.378e-01 2.621e-01 1.798e-05 4.851e-06 4.400e-05 -1.000 9.990e-05 10.020 13.474 11.375 10.265 9.827 9.573
9.8116e-05 -2.19174 10.07918 0.2080357224 1.7204496861    0.207 -1.896  3.6261  5.108    1  0.000  0.545     0.00     0.00     0.00     0.00     0.00 -1 -9.79e-16      0.00 7.374e-01 2.625e-01 1.798e-05 4.851e-06 4.400e-05 -1.000 9.999e-05 9.511 12.723 10.751 9.720 9.309 9.074
9.8116e-05 -2.19174 10.07918 0.2571428716 1.8581268787    0.257 -1.708  3.6362  5.052    1  0.000  0.545     0.00     0.00     0.00     0.00     0.00 -1 -1.45e-15      0.00 7.377e-01 2.622e-01 1.798e-05 4.852e-06 4.400e-05 -1.000 9.996e-05 9.041 12.043 10.182 9.217 8.831 8.613
9.8116e-05 -2.19174 10.07918 0.3062500358 1.9652637243    0.306 -1.563  3.6446  5.017    1  0.000  0.545     0.00     0.00     0.00     0.00     0.00 -1 -1.93e-15      0.00 7.377e-01 2.622e-01 1.797e-05 4.852e-06 4.400e-05 -1.000 9.996e-05 8.677 11.513 9.742 8.827 8.461 8.256
9.8116e-05 -2.19174 10.07918 0.3553571403 2.0521113873    0.355 -1.440  3.6525  4.990    1  0.000  0.544     0.00     0.00     0.00     0.00     0.00 -1 -2.45e-15      0.00 7.387e-01 2.612e-01 1.796e-05 4.853e-06 4.400e-05 -1.000 1.000e-04 8.371 11.057 9.369 8.497 8.148 7.957
9.8116e-05 -2.19174 10.07918 0.4044643044 2.1246092319    0.404 -1.319  3.6608  4.959    1  0.000  0.545     0.00     0.00     0.00     0.00     0.00 -1 -3.14e-15      0.00 7.500e-01 2.499e-01 1.798e-05 4.851e-06 4.400e-05 -1.000 9.996e-05 8.068 10.599 8.999 8.171 7.841 7.662
9.8116e-05 -2.19174 10.07918 0.4535714388 2.1864814758    0.453 -1.173  3.6741  4.916    1  0.000  0.545     0.00     0.00     0.00     0.00     0.00 -1 -4.37e-15      0.00 7.507e-01 2.492e-01 1.798e-05 4.851e-06 4.400e-05 -1.000 9.999e-05 7.702 9.996 8.535 7.774 7.472 7.313
9.8116e-05 -2.19174 10.07918 0.5026785731 2.2401986122    0.503 -1.009  3.6887  4.855    1  0.000  0.545     0.00     0.00     0.00     0.00     0.00 -1 -6.48e-15      0.00 7.526e-01 2.473e-01 1.786e-05 4.818e-06 4.370e-05 -1.000 1.000e-04 7.293 9.346 8.028 7.336 7.064 6.926
9.8116e-05 -2.19174 10.07918 0.5517857671 2.2851314545    0.551 -0.809  3.7080  4.772    1  0.000  0.544     0.00     0.00     0.00     0.00     0.00 -1 -1.08e-14      0.00 7.851e-01 2.148e-01 1.566e-05 4.228e-06 3.837e-05 -1.000 9.948e-05 6.792 8.562 7.416 6.809 6.575 6.464
9.8116e-05 -2.19174 10.07918 0.6008928418 2.3217256069    0.600 -0.603  3.7325  4.701    1  0.000  0.544     0.00     0.00     0.00     0.00     0.00 -1  -1.8e-14      0.00 7.980e-01 2.020e-01 1.482e-05 4.004e-06 3.635e-05 -1.000 5.256e-05 6.277 7.757 6.785 6.276 6.088 6.008
9.8116e-05 -2.19174 10.07918 0.6072366834 2.3259589672    0.607 -0.575  3.7362  4.693    1  0.000  0.544     0.00     0.00     0.00     0.00     0.00 -1 -1.93e-14      0.00 8.001e-01 1.999e-01 1.469e-05 3.968e-06 3.603e-05 -1.000 1.489e-05 6.207 7.649 6.699 6.205 6.023 5.948
9.8116e-05 -2.19174 10.07918 0.6183252931 2.3331196308    0.618 -0.525  3.7428  4.677    1  0.000  0.543     0.00     0.00     0.00     0.00     0.00 -1 -2.18e-14      0.00 8.038e-01 1.961e-01 1.444e-05 3.903e-06 3.544e-05 -1.000 1.000e-04 6.083 7.463 6.550 6.080 5.909 5.843
9.8116e-05 -2.19174 10.07918 0.6282081604 2.3392572403    0.628 -0.480  3.7486  4.663    1  0.000  0.543     0.00     0.00     0.00     0.00     0.00 -1 -2.44e-14      0.00 8.074e-01 1.925e-01 1.421e-05 3.841e-06 3.489e-05 -1.000 5.597e-05 5.971 7.300 6.417 5.969 5.809 5.750
9.8116e-05 -2.19174 10.07918 0.6378048062 2.3450081348    0.638 -0.437  3.7541  4.648    1  0.000  0.543     0.00     0.00     0.00     0.00     0.00 -1 -2.73e-14      0.00 8.111e-01 1.889e-01 1.398e-05 3.779e-06 3.433e-05 -1.000 2.368e-05 5.862 7.144 6.288 5.861 5.711 5.659
9.8116e-05 -2.19174 10.07918 0.6491133571 2.3515348434    0.649 -0.385  3.7606  4.629    1  0.000  0.543     0.00     0.00     0.00     0.00     0.00 -1 -1.64e-14      0.00 8.156e-01 1.844e-01 1.369e-05 3.702e-06 3.363e-05 -1.000 5.880e-05 5.731 6.963 6.136 5.734 5.595 5.551
9.8116e-05 -2.19174 10.07918 0.6499999762 2.3520355225    0.650 -0.380  3.7611  4.627    1  0.000  0.543     0.00     0.00     0.00     0.00     0.00 -1 -3.14e-14      0.00 8.159e-01 1.840e-01 1.367e-05 3.695e-06 3.358e-05 -1.000 1.000e-04 5.721 6.949 6.124 5.724 5.586 5.543
9.8116e-05 -2.19174 10.07918 0.6585742235 2.3567974567    0.658 -0.340  3.7657  4.612    1  0.000  0.542     0.00     0.00     0.00     0.00     0.00 -1 -3.49e-14      0.00 8.203e-01 1.796e-01 1.338e-05 3.619e-06 3.290e-05 -1.000 1.000e-04 5.620 6.818 6.010 5.626 5.497 5.458
9.8116e-05 -2.19174 10.07918 0.6688095927 2.3622982502    0.669 -0.291  3.7713  4.591    1  0.000  0.542     0.00     0.00     0.00     0.00     0.00 -1 -3.97e-14      0.00 8.259e-01 1.740e-01 1.302e-05 3.523e-06 3.204e-05 -1.000 1.001e-04 5.498 6.662 5.872 5.508 5.387 5.355
9.8116e-05 -2.19174 10.07918 0.6785455346 2.3673541546    0.678 -0.243  3.7764  4.570    1  0.000  0.541     0.00     0.00     0.00     0.00     0.00 -1  -4.5e-14      0.00 8.316e-01 1.683e-01 1.265e-05 3.426e-06 3.116e-05 -1.000 9.993e-05 5.378 6.515 5.739 5.393 5.280 5.254
9.8116e-05 -2.19174 10.07918 0.6878397465 2.3720273972    0.688 -0.196  3.7813  4.549    1  0.000  0.541     0.00     0.00     0.00     0.00     0.00 -1 -5.11e-14      0.00 8.374e-01 1.625e-01 1.228e-05 3.327e-06 3.027e-05 -1.000 9.997e-05 5.261 6.373 5.609 5.280 5.175 5.154
9.8116e-05 -2.19174 10.07918 0.6960875988 2.3760545254    0.696 -0.153  3.7856  4.528    1  0.000  0.540     0.00     0.00     0.00     0.00     0.00 -1 -3.18e-15      0.00 8.429e-01 1.571e-01 1.193e-05 3.234e-06 2.943e-05 -1.000 3.627e-05 5.153 6.247 5.490 5.176 5.078 5.062
9.8116e-05 -2.19174 10.07918 0.6999999881 2.3779268265    0.700 -0.132  3.7876  4.518    1  0.000  0.540     0.00     0.00     0.00     0.00     0.00 -1 -6.08e-14      0.00 8.456e-01 1.544e-01 1.176e-05 3.188e-06 2.902e-05 -1.000 9.090e-07 5.101 6.186 5.433 5.125 5.032 5.018
9.8116e-05 -2.19174 10.07918 0.7090166807 2.3821511269    0.709 -0.082  3.7920  4.490    1  0.000  0.538     0.00     0.00     0.00     0.00     0.00 -1    -7e-14      0.00 8.505e-01 1.495e-01 1.145e-05 3.115e-06 2.838e-05 -1.000 1.347e-05 4.975 6.045 5.295 5.004 4.917 4.909
9.8116e-05 -2.19174 10.07918 0.7175090313 2.3860185146    0.717 -0.032  3.7961  4.462    1  0.000  0.536     0.00     0.00     0.00     0.00     0.00 -1 -8.06e-14      0.00 8.545e-01 1.454e-01 1.122e-05 3.060e-06 2.791e-05 -1.000 6.422e-05 4.850 5.908 5.159 4.882 4.803 4.799
9.8116e-05 -2.19174 10.07918 0.7258906364 2.3897333145    0.725  0.020  3.8001  4.431    1  0.000  0.534     0.00     0.00     0.00     0.00     0.00 -1 -9.36e-14      0.00 8.581e-01 1.419e-01 1.103e-05 3.016e-06 2.753e-05 -1.000 3.716e-05 4.720 5.768 5.018 4.754 4.682 4.683
9.8116e-05 -2.19174 10.07918 0.7330866456 2.3928451538    0.733  0.067  3.8034  4.401    1  0.000  0.533     0.00     0.00     0.00     0.00     0.00 -1 -1.07e-13      0.00 8.608e-01 1.391e-01 1.089e-05 2.984e-06 2.726e-05 -1.000 4.674e-05 4.601 5.644 4.890 4.638 4.571 4.576
9.8116e-05 -2.19174 10.07918 0.7400557995 2.3957924843    0.739  0.117  3.8065  4.368    1  0.000  0.531     0.00     0.00     0.00     0.00     0.00 -1 -8.97e-14      0.00 8.632e-01 1.367e-01 1.077e-05 2.957e-06 2.703e-05 -1.000 1.000e-04 4.478 5.517 4.758 4.517 4.455 4.464
9.8116e-05 -2.19174 10.07918 0.7470233440 2.3986759186    0.746  0.170  3.8095  4.331    1  0.000  0.530     0.00     0.00     0.00     0.00     0.00 -1 -1.94e-14      0.00 8.654e-01 1.345e-01 1.066e-05 2.934e-06 2.683e-05 -1.000 1.000e-04 4.345 5.381 4.615 4.385 4.329 4.341
9.8116e-05 -2.19174 10.07918 0.7500000000 2.3998889923    0.749  0.193  3.8108  4.314    1  0.000  0.529     0.00     0.00     0.00     0.00     0.00 -1 -1.57e-13      0.00 8.663e-01 1.336e-01 1.061e-05 2.925e-06 2.675e-05 -1.000 1.000e-04 4.286 5.322 4.552 4.326 4.272 4.286
9.8116e-05 -2.19174 10.07918 0.7512725592 2.4004042149    0.751  0.204  3.8114  4.307    1  0.000  0.529     0.00     0.00     0.00     0.00     0.00 -1 -1.61e-13      0.00 8.663e-01 1.336e-01 1.062e-05 2.927e-06 2.677e-05 -1.000 1.000e-04 4.261 5.297 4.525 4.301 4.248 4.263
9.8116e-05 -2.19174 10.07918 0.7593882084 2.4036436081    0.759  0.276  3.8149  4.254    1  0.000  0.529     0.00     0.00     0.00     0.00     0.00 -1 -2.01e-13      0.00 8.666e-01 1.334e-01 1.067e-05 2.941e-06 2.691e-05 -1.000 3.412e-06 4.081 5.117 4.333 4.121 4.074 4.094
9.8116e-05 -2.19174 10.07918 0.7647736669 2.4057495594    0.764  0.328  3.8169  4.212    1  0.000  0.528     0.00     0.00     0.00     0.00     0.00 -1 -2.38e-13      0.00 8.666e-01 1.334e-01 1.070e-05 2.951e-06 2.701e-05 -1.000 9.060e-05 3.949 4.986 4.193 3.989 3.946 3.968
9.8116e-05 -2.19174 10.07918 0.7698798180 2.4077150822    0.769  0.381  3.8184  4.168    1  0.000  0.528     0.00     0.00     0.00     0.00     0.00 -1 -2.81e-13      0.00 8.655e-01 1.344e-01 1.080e-05 2.978e-06 2.726e-05 -1.000 9.999e-05 3.817 4.857 4.055 3.856 3.817 3.840
9.8116e-05 -2.19174 10.07918 0.7740544677 2.4092998505    0.773  0.428  3.8189  4.126    1  0.000  0.528     0.00     0.00     0.00     0.00     0.00 -1 -3.29e-13      0.00 8.642e-01 1.357e-01 1.091e-05 3.007e-06 2.753e-05 -1.000 1.000e-04 3.701 4.744 3.935 3.739 3.700 3.725
9.8116e-05 -2.19174 10.07918 0.7755149603 2.4098496437    0.774  0.446  3.8185  4.107    1  0.000  0.528     0.00     0.00     0.00     0.00     0.00 -1 -3.51e-13      0.00 8.638e-01 1.361e-01 1.094e-05 3.017e-06 2.762e-05 -1.000 1.000e-04 3.654 4.700 3.888 3.691 3.653 3.676
9.8116e-05 -2.19174 10.07918 0.7794836164 2.4113318920    0.778  0.501  3.8165  4.047    1  0.000  0.528     0.00     0.00     0.00     0.00     0.00 -1 -4.24e-13      0.00 8.626e-01 1.373e-01 1.104e-05 3.044e-06 2.787e-05 -1.000 1.000e-04 3.519 4.572 3.754 3.554 3.512 3.534
9.8116e-05 -2.19174 10.07918 0.7822609544 2.4123587608    0.781  0.543  3.8136  3.994    1  0.000  0.528     0.00     0.00     0.00     0.00     0.00 -1 -4.96e-13      0.00 8.617e-01 1.382e-01 1.111e-05 3.063e-06 2.804e-05 -1.000 9.994e-05 3.412 4.474 3.653 3.445 3.399 3.418
9.8116e-05 -2.19174 10.07918 0.7828532457 2.4125766754    0.781  0.553  3.8129  3.982    1  0.000  0.528     0.00     0.00     0.00     0.00     0.00 -1 -5.15e-13      0.00 8.616e-01 1.383e-01 1.112e-05 3.067e-06 2.808e-05 -1.000 1.000e-04 3.388 4.452 3.630 3.420 3.374 3.391
9.8116e-05 -2.19174 10.07918 0.7834342718 2.4127900600    0.782  0.564  3.8115  3.966    1  0.000  0.528     0.00     0.00     0.00     0.00     0.00 -1 -5.37e-13      0.00 8.614e-01 1.385e-01 1.114e-05 3.071e-06 2.811e-05 -1.000 9.999e-05 3.360 4.427 3.605 3.392 3.343 3.359
9.8116e-05 -2.19174 10.07918 0.7853887677 2.4135050774    0.784  0.604  3.8057  3.903    2  0.000  0.528     0.00     0.00     0.00     0.00     0.00 -1 -6.32e-13      0.00 8.608e-01 1.391e-01 1.119e-05 3.084e-06 2.823e-05 -1.000 9.994e-05 3.260 4.341 3.518 3.287 3.230 3.239
9.8116e-05 -2.19174 10.07918 0.7868847847 2.4140498638    0.785  0.640  3.7986  3.840    2  0.000  0.528     0.00     0.00     0.00     0.00     0.00 -1 -7.37e-13      0.00 8.604e-01 1.395e-01 1.122e-05 3.094e-06 2.833e-05 -1.000 9.996e-05 3.171 4.270 3.447 3.194 3.125 3.126
9.8116e-05 -2.19174 10.07918 0.7880567312 2.4144747257    0.786  0.672  3.7902  3.774    2  0.000  0.528     0.00     0.00     0.00     0.00     0.00 -1 -8.57e-13      0.00 8.600e-01 1.399e-01 1.125e-05 3.102e-06 2.840e-05 -1.000 9.811e-05 3.089 4.213 3.388 3.109 3.026 3.018
9.8116e-05 -2.19174 10.07918 0.7890018225 2.4148166180    0.787  0.702  3.7811  3.708    2  0.000  0.528     0.00     0.00     0.00     0.00     0.00 -1  -9.9e-13      0.00 8.564e-01 1.436e-01 1.150e-05 3.170e-06 2.902e-05 -1.000 4.868e-05 3.014 4.168 3.339 3.031 2.933 2.914
9.8116e-05 -2.19174 10.07918 0.7897948027 2.4151024818    0.788  0.731  3.7722  3.645    2  0.000  0.530     0.00     0.00     0.00     0.00     0.00 -1 -1.14e-12      0.00 8.391e-01 1.608e-01 1.253e-05 3.449e-06 3.152e-05 -1.000 2.539e-05 2.943 4.134 3.293 2.956 2.845 2.815
9.8116e-05 -2.19174 10.07918 0.7904944420 2.4153542519    0.789  0.761  3.7641  3.583    2  0.000  0.533     0.00     0.00     0.00     0.00     0.00 -1 -1.31e-12      0.00 8.120e-01 1.879e-01 1.411e-05 3.872e-06 3.531e-05 -1.000 5.311e-05 2.869 4.097 3.243 2.881 2.756 2.717
9.8116e-05 -2.19174 10.07918 0.7911152244 2.4155771732    0.789  0.793  3.7572  3.523    2  0.000  0.535     0.00     0.00     0.00     0.00     0.00 -1 -1.51e-12      0.00 7.927e-01 2.073e-01 1.524e-05 4.174e-06 3.800e-05 -1.000 9.003e-05 2.787 4.052 3.185 2.799 2.663 2.616
9.8116e-05 -2.19174 10.07918 0.7917300463 2.4157977104    0.790  0.834  3.7510  3.457    2  0.000  0.536     0.00     0.00     0.00     0.00     0.00 -1 -1.78e-12      0.00 7.810e-01 2.189e-01 1.592e-05 4.356e-06 3.963e-05 -1.000 1.001e-04 2.685 3.988 3.104 2.696 2.550 2.495
9.8116e-05 -2.19174 10.07918 0.7922153473 2.4159712791    0.790  0.874  3.7470  3.402    2  0.000  0.536     0.00     0.00     0.00     0.00     0.00 -1 -2.08e-12      0.00 7.756e-01 2.243e-01 1.624e-05 4.441e-06 4.039e-05 -1.000 1.000e-04 2.585 3.916 3.019 2.597 2.444 2.384
9.8116e-05 -2.19174 10.07918 0.7925471067 2.4160900116    0.791  0.904  3.7446  3.362    2  0.000  0.536     0.00     0.00     0.00     0.00     0.00 -1 -2.34e-12      0.00 7.728e-01 2.271e-01 1.640e-05 4.484e-06 4.077e-05 -1.000 1.000e-04 2.510 3.858 2.952 2.523 2.365 2.303
9.8116e-05 -2.19174 10.07918 0.7928423285 2.4161953926    0.791  0.934  3.7430  3.326    3  0.000  0.537     0.00     0.00     0.00     0.00     0.00 -1 -2.61e-12      0.00 7.710e-01 2.289e-01 1.650e-05 4.509e-06 4.100e-05 -1.000 1.001e-04 2.434 3.794 2.882 2.447 2.287 2.223
9.8116e-05 -2.19174 10.07918 0.7932294011 2.4163334370    0.791  0.976  3.7409  3.276    3  0.000  0.537     0.00     0.00     0.00     0.00     0.00 -1 -3.04e-12      0.00 7.690e-01 2.310e-01 1.660e-05 4.538e-06 4.125e-05 -1.000 6.101e-05 2.331 3.705 2.786 2.344 2.181 2.114
9.8116e-05 -2.19174 10.07918 0.7936193347 2.4164724350    0.792  1.020  3.7390  3.225    3  0.000  0.537     0.00     0.00     0.00     0.00     0.00 -1 -3.57e-12      0.00 7.671e-01 2.329e-01 1.669e-05 4.562e-06 4.146e-05 -1.000 3.588e-05 2.221 3.610 2.683 2.235 2.069 1.999
9.8116e-05 -2.19174 10.07918 0.7939928174 2.4166054726    0.792  1.065  3.7374  3.174    3  0.000  0.537     0.00     0.00     0.00     0.00     0.00 -1  -4.2e-12      0.00 7.654e-01 2.346e-01 1.676e-05 4.581e-06 4.164e-05 -1.000 9.646e-05 2.109 3.513 2.577 2.125 1.955 1.884
9.8116e-05 -2.19174 10.07918 0.7943897247 2.4167466164    0.792  1.115  3.7356  3.116    3  0.000  0.537     0.00     0.00     0.00     0.00     0.00 -1 -5.04e-12      0.00 7.637e-01 2.362e-01 1.683e-05 4.599e-06 4.180e-05 -1.000 9.997e-05 1.982 3.401 2.457 1.999 1.827 1.753
9.8116e-05 -2.19174 10.07918 0.7947227955 2.4168648720    0.792  1.161  3.7341  3.065    3  0.000  0.537     0.00     0.00     0.00     0.00     0.00 -1 -5.94e-12      0.00 7.624e-01 2.375e-01 1.687e-05 4.611e-06 4.191e-05 -1.000 1.000e-04 1.868 3.299 2.348 1.886 1.712 1.636
9.8116e-05 -2.19174 10.07918 0.7950597405 2.4169845581    0.793  1.211  3.7326  3.009    3  0.000  0.537     0.00     0.00     0.00     0.00     0.00 -1  -7.1e-12      0.00 7.611e-01 2.388e-01 1.691e-05 4.623e-06 4.200e-05 -1.000 5.375e-05 1.743 3.187 2.230 1.763 1.586 1.508
9.8116e-05 -2.19174 10.07918 0.7953903079 2.4171016216    0.793  1.264  3.7309  2.949    3  0.000  0.537     0.00     0.00     0.00     0.00     0.00 -1 -8.59e-12      0.00 7.598e-01 2.401e-01 1.694e-05 4.634e-06 4.209e-05 -1.000 6.506e-05 1.611 3.069 2.103 1.631 1.452 1.372
9.8116e-05 -2.19174 10.07918 0.7956570983 2.4171962738    0.793  1.311  3.7295  2.896    3  0.000  0.536     0.00     0.00     0.00     0.00     0.00 -1 -1.02e-11      0.00 7.588e-01 2.411e-01 1.696e-05 4.642e-06 4.215e-05 -1.000 9.477e-05 1.493 2.965 1.991 1.515 1.333 1.251
9.8116e-05 -2.19174 10.07918 0.7959144711 2.4172873497    0.793  1.360  3.7280  2.841    3  0.000  0.536     0.00     0.00     0.00     0.00     0.00 -1 -1.21e-11      0.00 7.579e-01 2.420e-01 1.697e-05 4.651e-06 4.221e-05 -1.000 9.994e-05 1.371 2.857 1.874 1.393 1.209 1.125
9.8116e-05 -2.19174 10.07918 0.7961456180 2.4173691273    0.793  1.408  3.7265  2.787    3  0.000  0.535     0.00     0.00     0.00     0.00     0.00 -1 -1.44e-11      0.00 7.571e-01 2.428e-01 1.696e-05 4.661e-06 4.225e-05 -1.000 9.999e-05 1.251 2.752 1.759 1.274 1.088 1.002
9.8116e-05 -2.19174 10.07918 0.7963551283 2.4174430370    0.793  1.455  3.7249  2.734    3  0.000  0.535     0.00     0.00     0.00     0.00     0.00 -1 -1.71e-11      0.00 7.565e-01 2.434e-01 1.696e-05 4.671e-06 4.228e-05 -1.000 1.000e-04 1.132 2.648 1.646 1.157 0.968 0.880
9.8116e-05 -2.19174 10.07918 0.7965425253 2.4175093174    0.793  1.502  3.7235  2.681    3  0.000  0.534     0.00     0.00     0.00     0.00     0.00 -1 -2.03e-11      0.00 7.559e-01 2.440e-01 1.695e-05 4.681e-06 4.231e-05 -1.000 1.000e-04 1.015 2.544 1.535 1.041 0.850 0.760
9.8116e-05 -2.19174 10.07918 0.7967199087 2.4175720215    0.793  1.551  3.7219  2.626    3  0.000  0.533     0.00     0.00     0.00     0.00     0.00 -1 -2.41e-11      0.00 7.555e-01 2.444e-01 1.693e-05 4.692e-06 4.233e-05 -1.000 1.000e-04 0.893 2.437 1.420 0.921 0.727 0.636
9.8116e-05 -2.19174 10.07918 0.7968773842 2.4176275730    0.793  1.598  3.7203  2.573    3  0.000  0.533     0.00     0.00     0.00     0.00     0.00 -1 -2.86e-11      0.00 7.552e-01 2.447e-01 1.692e-05 4.702e-06 4.235e-05 -1.000 9.994e-05 0.776 2.333 1.309 0.805 0.609 0.515
9.8116e-05 -2.19174 10.07918 0.7970173359 2.4176769257    0.793  1.643  3.7188  2.521    3  0.000  0.532     0.00     0.00     0.00     0.00     0.00 -1 -3.37e-11      0.00 7.550e-01 2.449e-01 1.691e-05 4.710e-06 4.235e-05 -1.000 1.000e-04 0.661 2.234 1.201 0.692 0.494 0.398
9.8116e-05 -2.19174 10.07918 0.7971441150 2.4177217484    0.793  1.689  3.7173  2.470    3  0.000  0.532     0.00     0.00     0.00     0.00     0.00 -1 -3.97e-11      0.00 7.548e-01 2.451e-01 1.690e-05 4.715e-06 4.236e-05 -1.000 9.450e-05 0.549 2.139 1.095 0.581 0.380 0.282
9.8116e-05 -2.19174 10.07918 0.7972629666 2.4177634716    0.793  1.735  3.7157  2.417    3  0.000  0.532     0.00     0.00     0.00     0.00     0.00 -1 -4.69e-11      0.00 7.547e-01 2.452e-01 1.690e-05 4.718e-06 4.237e-05 -1.000 1.000e-04 0.434 2.044 0.988 0.467 0.263 0.163
9.8116e-05 -2.19174 10.07918 0.7973679304 2.4178006649    0.792  1.779  3.7141  2.366    3  0.000  0.532     0.00     0.00     0.00     0.00     0.00 -1 -5.51e-11      0.00 7.547e-01 2.452e-01 1.690e-05 4.719e-06 4.237e-05 -1.000 1.001e-04 0.322 1.953 0.884 0.357 0.150 0.048
9.8116e-05 -2.19174 10.07918 0.7974649072 2.4178347588    0.792  1.824  3.7125  2.315    3  0.000  0.532     0.00     0.00     0.00     0.00     0.00 -1 -6.47e-11      0.00 7.547e-01 2.452e-01 1.690e-05 4.719e-06 4.237e-05 -1.000 1.001e-04 0.211 1.861 0.780 0.247 0.037 -0.067
9.8116e-05 -2.19174 10.07918 0.7975539565 2.4178659916    0.792  1.868  3.7109  2.264    3  0.000  0.532     0.00     0.00     0.00     0.00     0.00 -1 -7.61e-11      0.00 7.547e-01 2.452e-01 1.690e-05 4.719e-06 4.237e-05 -1.000 1.001e-04 0.100 1.770 0.677 0.137 -0.075 -0.181
9.8116e-05 -2.19174 10.07918 0.7976330519 2.4178938866    0.792  1.911  3.7093  2.215    3  0.000  0.532     0.00     0.00     0.00     0.00     0.00 -1 -8.88e-11      0.00 7.547e-01 2.452e-01 1.690e-05 4.719e-06 4.237e-05 -1.000 1.000e-04 -0.006 1.684 0.578 0.033 -0.183 -0.291
9.8116e-05 -2.19174 10.07918 0.7977061272 2.4179196358    0.792  1.953  3.7078  2.167    3  0.000  0.532     0.00     0.00     0.00     0.00     0.00 -1 -1.04e-10      0.00 7.547e-01 2.452e-01 1.690e-05 4.719e-06 4.237e-05 -1.000 1.000e-04 -0.113 1.599 0.480 -0.072 -0.290 -0.400
9.8116e-05 -2.19174 10.07918 0.7977763414 2.4179444313    0.791  1.997  3.7061  2.116    3  0.000  0.532     0.00     0.00     0.00     0.00     0.00 -1 -1.22e-10      0.00 7.547e-01 2.452e-01 1.690e-05 4.720e-06 4.237e-05 -1.000 1.000e-04 -0.223 1.511 0.378 -0.180 -0.401 -0.514
9.8116e-05 -2.19174 10.07918 0.7978364825 2.4179656506    0.791  2.038  3.7045  2.068    3  0.000  0.532     0.00     0.00     0.00     0.00     0.00 -1 -1.41e-10      0.00 7.547e-01 2.452e-01 1.690e-05 4.720e-06 4.237e-05 -1.000 9.999e-05 -0.325 1.431 0.285 -0.281 -0.505 -0.620
9.8116e-05 -2.19174 10.07918 0.7978920341 2.4179852009    0.790  2.079  3.7030  2.021    3  0.000  0.532     0.00     0.00     0.00     0.00     0.00 -1 -1.64e-10      0.00 7.547e-01 2.452e-01 1.690e-05 4.720e-06 4.237e-05 -1.000 1.001e-04 -0.428 1.349 0.191 -0.381 -0.608 -0.725
9.8116e-05 -2.19174 10.07918 0.7979452014 2.4180037975    0.790  2.121  3.7014  1.972    3  0.000  0.532     0.00     0.00     0.00     0.00     0.00 -1 -1.91e-10      0.00 7.547e-01 2.452e-01 1.690e-05 4.720e-06 4.237e-05 -1.000 1.000e-04 -0.533 1.267 0.094 -0.485 -0.715 -0.834
9.8116e-05 -2.19174 10.07918 0.7979915142 2.4180200100    0.790  2.161  3.6998  1.925    3  0.000  0.532     0.00     0.00     0.00     0.00     0.00 -1 -2.21e-10      0.00 7.547e-01 2.452e-01 1.690e-05 4.720e-06 4.237e-05 -1.000 1.001e-04 -0.632 1.194 0.005 -0.582 -0.815 -0.937
9.8116e-05 -2.19174 10.07918 0.7980349660 2.4180355072    0.789  2.200  3.6982  1.880    3  0.000  0.532     0.00     0.00     0.00     0.00     0.00 -1 -2.55e-10      0.00 7.547e-01 2.452e-01 1.690e-05 4.720e-06 4.237e-05 -1.000 1.000e-04 -0.731 1.121 -0.084 -0.679 -0.915 -1.038
9.8116e-05 -2.19174 10.07918 0.7980801463 2.4180512428    0.788  2.238  3.6968  1.836    3  0.000  0.532     0.00     0.00     0.00     0.00     0.00 -1 -2.93e-10      0.00 7.547e-01 2.452e-01 1.690e-05 4.720e-06 4.237e-05 -1.000 1.001e-04 -0.824 1.053 -0.169 -0.770 -1.009 -1.134
9.8116e-05 -2.19174 10.07918 0.7981302142 2.4180688858    0.788  2.268  3.6956  1.800    3  0.000  0.532     0.00     0.00     0.00     0.00     0.00 -1 -3.29e-10      0.00 7.547e-01 2.452e-01 1.690e-05 4.720e-06 4.237e-05 -1.000 9.999e-05 -0.901 0.996 -0.238 -0.845 -1.087 -1.214
9.8116e-05 -2.19174 10.07918 0.7981535792 2.4180769920    0.787  2.263  3.6960  1.807    3  0.000  0.532     0.00     0.00     0.00     0.00     0.00 -1 -3.25e-10      0.00 7.547e-01 2.452e-01 1.690e-05 4.720e-06 4.237e-05 -1.000 1.000e-04 -0.887 1.003 -0.227 -0.832 -1.073 -1.199
9.8116e-05 -2.19174 10.07918 0.7981594205 2.4180791378    0.787  2.270  3.6957  1.799    3  0.000  0.532     0.00     0.00     0.00     0.00     0.00 -1 -3.32e-10      0.00 7.547e-01 2.452e-01 1.690e-05 4.720e-06 4.237e-05 -1.000 1.000e-04 -0.904 0.991 -0.242 -0.849 -1.090 -1.217
9.8116e-05 -2.19174 10.07918 0.7981916666 2.4180905819    0.787  2.310  3.6940  1.752    3  0.000  0.532     0.00     0.00     0.00     0.00     0.00 -1 -3.81e-10      0.00 7.547e-01 2.452e-01 1.690e-05 4.720e-06 4.237e-05 -1.000 1.001e-04 -1.004 0.920 -0.331 -0.946 -1.191 -1.320
9.8116e-05 -2.19174 10.07918 0.7982242703 2.4181020260    0.786  2.352  3.6924  1.703    3  0.000  0.532     0.00     0.00     0.00     0.00     0.00 -1 -4.45e-10      0.00 7.547e-01 2.452e-01 1.690e-05 4.720e-06 4.237e-05 -1.000 1.000e-04 -1.111 0.841 -0.428 -1.051 -1.298 -1.430
9.8116e-05 -2.19174 10.07918 0.7982519865 2.4181118011    0.785  2.391  3.6907  1.657    3  0.000  0.532     0.00     0.00     0.00     0.00     0.00 -1 -5.13e-10      0.00 7.546e-01 2.453e-01 1.690e-05 4.721e-06 4.237e-05 -1.000 9.997e-05 -1.207 0.774 -0.513 -1.144 -1.396 -1.530
9.8116e-05 -2.19174 10.07918 0.7982791662 2.4181213379    0.785  2.431  3.6889  1.609    3  0.000  0.532     0.00     0.00     0.00     0.00     0.00 -1 -5.95e-10      0.00 7.546e-01 2.453e-01 1.690e-05 4.721e-06 4.237e-05 -1.000 1.000e-04 -1.308 0.705 -0.601 -1.242 -1.497 -1.634
9.8116e-05 -2.19174 10.07918 0.7983045578 2.4181301594    0.784  2.472  3.6873  1.562    3  0.000  0.532     0.00     0.00     0.00     0.00     0.00 -1  -6.9e-10      0.00 7.546e-01 2.453e-01 1.690e-05 4.721e-06 4.238e-05 -1.000 9.999e-05 -1.409 0.635 -0.690 -1.340 -1.599 -1.738
9.8116e-05 -2.19174 10.07918 0.7983267903 2.4181380272    0.783  2.510  3.6856  1.516    3  0.000  0.532     6.42     5.16     3.67     2.84     2.29  3 -7.94e-10      0.00 7.546e-01 2.453e-01 1.690e-05 4.721e-06 4.238e-05 -1.000 1.000e-04 -1.504 0.575 -0.772 -1.432 -1.694 -1.836
9.8116e-05 -2.19174 10.07918 0.7983488441 2.4181456566    0.782  2.550  3.6837  1.468    3  0.000  0.532     7.11     5.62     3.99     3.08     2.49  3 -9.21e-10      0.00 7.546e-01 2.453e-01 1.690e-05 4.721e-06 4.238e-05 -1.000 1.001e-04 -1.604 0.534 -0.856 -1.530 -1.797 -1.941
9.8116e-05 -2.19174 10.07918 0.7983683944 2.4181525707    0.781  2.588  3.6821  1.423    3  0.000  0.532     7.82     6.09     4.31     3.34     2.70  3 -1.06e-09      0.00 7.546e-01 2.453e-01 1.690e-05 4.721e-06 4.238e-05 -1.000 1.000e-04 -1.699 0.496 -0.934 -1.624 -1.894 -2.041
9.8116e-05 -2.19174 10.07918 0.7983866334 2.4181590080    0.780  2.625  3.6804  1.378    3  0.000  0.532     8.60     6.61     4.65     3.61     2.92  3 -1.22e-09      0.00 7.546e-01 2.453e-01 1.690e-05 4.721e-06 4.238e-05 -1.000 9.997e-05 -1.793 0.465 -1.010 -1.716 -1.991 -2.140
9.8116e-05 -2.19174 10.07918 0.7984039783 2.4181652069    0.779  2.664  3.6786  1.332    3  0.000  0.532     9.48     7.18     5.04     3.91     3.17  3  -1.4e-09      0.00 7.546e-01 2.453e-01 1.690e-05 4.721e-06 4.238e-05 -1.000 1.000e-04 -1.889 0.441 -1.084 -1.809 -2.089 -2.241
9.8116e-05 -2.19174 10.07918 0.7984226942 2.4181716442    0.777  2.708  3.6767  1.279    3  0.000  0.532    10.60     7.90     5.51     4.29     3.47  3 -1.65e-09      0.00 7.546e-01 2.453e-01 1.690e-05 4.721e-06 4.238e-05 -1.000 9.993e-05 -2.000 0.414 -1.170 -1.917 -2.202 -2.357
9.8116e-05 -2.19174 10.07918 0.7984377146 2.4181768894    0.776  2.746  3.6747  1.233    3  0.000  0.532    11.69     8.59     5.97     4.65     3.77  3  -1.9e-09      0.00 7.546e-01 2.453e-01 1.690e-05 4.721e-06 4.238e-05 -1.000 1.000e-04 -2.095 0.409 -1.238 -2.008 -2.299 -2.458
9.8116e-05 -2.19174 10.07918 0.7984532118 2.4181823730    0.774  2.788  3.6728  1.182    3  0.000  0.532    13.01     9.41     6.52     5.08     4.12  2 -2.23e-09      0.00 7.546e-01 2.453e-01 1.690e-05 4.721e-06 4.238e-05 -1.000 1.000e-04 -2.200 0.399 -1.315 -2.109 -2.408 -2.570
9.8116e-05 -2.19174 10.07918 0.7984660268 2.4181869030    0.773  2.825  3.6711  1.137    3  0.000  0.532    14.31    10.20     7.04     5.50     4.45  2 -2.56e-09      0.00 7.546e-01 2.453e-01 1.690e-05 4.721e-06 4.238e-05 -1.000 9.994e-05 -2.294 0.397 -1.381 -2.199 -2.503 -2.668
9.8116e-05 -2.19174 10.07918 0.7984790802 2.4181914330    0.771  2.866  3.6689  1.087    3  0.000  0.532    15.91    11.16     7.67     6.00     4.86  2 -2.98e-09      0.00 7.546e-01 2.453e-01 1.690e-05 4.721e-06 4.238e-05 -1.000 1.001e-04 -2.395 0.414 -1.445 -2.294 -2.606 -2.776
9.8116e-05 -2.19174 10.07918 0.7984898686 2.4181952477    0.769  2.902  3.6673  1.044    3  0.000  0.532    17.42    12.06     8.26     6.47     5.24  2  -3.4e-09      0.00 7.546e-01 2.453e-01 1.690e-05 4.721e-06 4.238e-05 -1.000 1.000e-04 -2.484 0.421 -1.505 -2.378 -2.697 -2.869
9.8116e-05 -2.19174 10.07918 0.7985012531 2.4181993008    0.767  2.942  3.6652  0.994    3  0.000  0.532    19.34    13.18     8.99     7.05     5.71  2 -3.95e-09      0.00 7.546e-01 2.453e-01 1.690e-05 4.721e-06 4.238e-05 -1.000 1.000e-04 -2.584 0.452 -1.564 -2.471 -2.799 -2.975
9.8116e-05 -2.19174 10.07918 0.7985127568 2.4182033539    0.764  2.985  3.6630  0.941    3  0.000  0.532    21.64    14.50     9.85     7.73     6.27  2 -4.65e-09      0.00 7.546e-01 2.453e-01 1.690e-05 4.721e-06 4.238e-05 -1.000 1.001e-04 -2.692 0.497 -1.622 -2.570 -2.909 -3.090
9.8116e-05 -2.19174 10.07918 0.7985221744 2.4182066917    0.762  3.022  3.6611  0.894    3  0.000  0.532    23.87    15.77    10.67     8.39     6.80  1 -5.36e-09      0.00 7.546e-01 2.453e-01 1.690e-05 4.721e-06 4.238e-05 -1.000 1.000e-04 -2.785 0.546 -1.667 -2.655 -3.004 -3.191
9.8116e-05 -2.19174 10.07918 0.7985301614 2.4182093143    0.760  3.056  3.6593  0.852    3  0.000  0.532    26.10    17.01    11.47     9.03     7.32  1 -6.09e-09      0.00 7.546e-01 2.453e-01 1.690e-05 4.721e-06 4.238e-05 -1.000 9.999e-05 -2.869 0.605 -1.703 -2.730 -3.089 -3.280
9.8116e-05 -2.19174 10.07918 0.7985384464 2.4182124138    0.757  3.093  3.6575  0.806    3  0.000  0.532    28.73    18.45    12.39     9.77     7.92  1    -7e-09      0.00 7.546e-01 2.453e-01 1.690e-05 4.721e-06 4.238e-05 -1.000 1.001e-04 -2.962 0.645 -1.747 -2.811 -3.181 -3.377
9.8116e-05 -2.19174 10.07918 0.7985469103 2.4182152748    0.753  3.132  3.6552  0.756    3  0.000  0.532    31.96    20.20    13.51    10.66     8.65  1 -8.14e-09      0.00 7.546e-01 2.453e-01 1.690e-05 4.721e-06 4.238e-05 -1.000 1.000e-04 -3.061 0.659 -1.801 -2.897 -3.278 -3.479
9.8116e-05 -2.19174 10.07918 0.7985540628 2.4182178974    0.750  3.168  3.6533  0.711    3  0.000  0.532    35.14    21.89    14.59    11.53     9.35  1 -9.33e-09      0.00 7.546e-01 2.453e-01 1.690e-05 4.721e-06 4.238e-05 -1.000 1.000e-04 -3.150 0.668 -1.850 -2.975 -3.365 -3.571
9.8116e-05 -2.19174 10.07918 0.7985612154 2.4182202816    0.746  3.205  3.6513  0.663    3  0.000  0.532    38.81    23.81    15.81    12.51    10.15  1 -1.08e-08      0.00 7.546e-01 2.453e-01 1.690e-05 4.721e-06 4.238e-05 -1.000 1.000e-04 -3.242 0.682 -1.899 -3.055 -3.455 -3.667
9.8116e-05 -2.19174 10.07918 0.7985678911 2.4182226658    0.743  3.239  3.6494  0.620    3  0.000  0.532    42.51    25.72    17.01    13.48    10.94  1 -1.23e-08      0.00 7.546e-01 2.453e-01 1.690e-05 4.721e-06 4.238e-05 -1.000 1.001e-04 -3.326 0.696 -1.942 -3.127 -3.537 -3.753
9.8116e-05 -2.19174 10.07918 0.7985697389 2.4182233810    0.741  3.247  3.6490  0.609    3  0.000  0.532    43.54    26.24    17.34    13.75    11.16  1 -1.27e-08      0.00 7.546e-01 2.453e-01 1.690e-05 4.721e-06 4.238e-05 -1.000 1.000e-04 -3.348 0.700 -1.954 -3.146 -3.558 -3.775
9.8116e-05 -2.19174 10.07918 0.7985697389 2.4182233810    0.741  1.658  3.9482  3.395    4  0.000  0.533     0.00     0.00     0.00     0.00     0.00 -1    -1e-30      0.00 7.562e-01 2.437e-01 1.688e-05 4.684e-06 4.222e-05 -1.000 1.000e-04 0.626 1.707 0.604 0.822 1.015 1.141
9.8116e-05 -2.19174 10.07918 0.7985704541 2.4182236195    0.741  1.664  3.9443  3.373    4  0.000  0.533     0.00     0.00     0.00     0.00     0.00 -1    -1e-30      0.00 7.562e-01 2.437e-01 1.688e-05 4.684e-06 4.222e-05 -1.000 9.999e-05 0.609 1.692 0.578 0.790 0.980 1.103
9.8116e-05 -2.19174 10.07918 0.7986187339 2.4182405472    0.741  1.685  3.9336  3.309    4  0.000  0.533     0.00     0.00     0.00     0.00     0.00 -1    -1e-30      0.00 7.562e-01 2.437e-01 1.688e-05 4.684e-06 4.222e-05 -1.000 9.991e-05 0.558 1.648 0.506 0.702 0.880 0.996
9.8116e-05 -2.19174 10.07918 0.7986656427 2.4182569981    0.741  1.685  3.9337  3.310    4  0.000  0.533     0.00     0.00     0.00     0.00     0.00 -1    -1e-30      0.00 7.562e-01 2.437e-01 1.688e-05 4.684e-06 4.222e-05 -1.000 1.001e-04 0.557 1.647 0.506 0.701 0.880 0.996
9.8116e-05 -2.19174 10.07918 0.7987126708 2.4182734489    0.741  1.685  3.9339  3.311    4  0.000  0.533     0.00     0.00     0.00     0.00     0.00 -1    -1e-30      0.00 7.562e-01 2.437e-01 1.688e-05 4.684e-06 4.222e-05 -1.000 9.993e-05 0.557 1.647 0.506 0.702 0.881 0.997
9.8116e-05 -2.19174 10.07918 0.7987601757 2.4182901382    0.741  1.685  3.9339  3.311    4  0.000  0.533     0.00     0.00     0.00     0.00     0.00 -1    -1e-30      0.00 7.562e-01 2.437e-01 1.688e-05 4.684e-06 4.222e-05 -1.000 9.993e-05 0.557 1.647 0.506 0.702 0.881 0.997
9.8116e-05 -2.19174 10.07918 0.7988089919 2.4183073044    0.741  1.685  3.9337  3.309    4  0.000  0.533     0.00     0.00     0.00     0.00     0.00 -1    -1e-30      0.00 7.562e-01 2.437e-01 1.688e-05 4.684e-06 4.222e-05 -1.000 9.999e-05 0.557 1.647 0.505 0.701 0.879 0.995
9.8116e-05 -2.19174 10.07918 0.7988574505 2.4183242321    0.741  1.686  3.9331  3.307    4  0.000  0.533     0.00     0.00     0.00     0.00     0.00 -1    -1e-30      0.00 7.562e-01 2.437e-01 1.688e-05 4.684e-06 4.222e-05 -1.000 1.000e-04 0.556 1.647 0.503 0.698 0.876 0.991
9.8116e-05 -2.19174 10.07918 0.7989027500 2.4183402061    0.741  1.686  3.9323  3.303    4  0.000  0.533     0.00     0.00     0.00     0.00     0.00 -1    -1e-30      0.00 7.562e-01 2.437e-01 1.688e-05 4.684e-06 4.222e-05 -1.000 1.000e-04 0.555 1.646 0.501 0.694 0.871 0.985
9.8116e-05 -2.19174 10.07918 0.7989516258 2.4183573723    0.741  1.687  3.9311  3.298    4  0.000  0.533     0.00     0.00     0.00     0.00     0.00 -1    -1e-30      0.00 7.562e-01 2.437e-01 1.688e-05 4.684e-06 4.222e-05 -1.000 9.999e-05 0.553 1.645 0.497 0.688 0.864 0.978
9.8116e-05 -2.19174 10.07918 0.7989966869 2.4183731079    0.742  1.688  3.9297  3.291    4  0.000  0.533     0.00     0.00     0.00     0.00     0.00 -1    -1e-30      0.00 7.562e-01 2.437e-01 1.688e-05 4.684e-06 4.222e-05 -1.000 9.993e-05 0.550 1.644 0.492 0.681 0.855 0.968
9.8116e-05 -2.19174 10.07918 0.7990423441 2.4183890820    0.742  1.689  3.9278  3.282    4  0.000  0.533     0.00     0.00     0.00     0.00     0.00 -1    -1e-30      0.00 7.562e-01 2.437e-01 1.688e-05 4.684e-06 4.222e-05 -1.000 9.999e-05 0.547 1.642 0.487 0.672 0.844 0.956
9.8116e-05 -2.19174 10.07918 0.7990902662 2.4184060097    0.742  1.691  3.9254  3.271    4  0.000  0.533     0.00     0.00     0.00     0.00     0.00 -1    -1e-30      0.00 7.562e-01 2.437e-01 1.688e-05 4.684e-06 4.222e-05 -1.000 9.997e-05 0.543 1.640 0.481 0.661 0.830 0.940
9.8116e-05 -2.19174 10.07918 0.7991400957 2.4184234142    0.742  1.693  3.9225  3.257    4  0.000  0.533     0.00     0.00     0.00     0.00     0.00 -1    -1e-30      0.00 7.562e-01 2.437e-01 1.688e-05 4.684e-06 4.222e-05 -1.000 9.999e-05 0.538 1.637 0.473 0.648 0.813 0.921
9.8116e-05 -2.19174 10.07918 0.7991865873 2.4184398651    0.742  1.695  3.9192  3.242    4  0.000  0.533     0.00     0.00     0.00     0.00     0.00 -1    -1e-30      0.00 7.562e-01 2.437e-01 1.688e-05 4.684e-06 4.222e-05 -1.000 1.000e-04 0.532 1.634 0.465 0.633 0.794 0.899
9.8116e-05 -2.19174 10.07918 0.7992334962 2.4184560776    0.742  1.698  3.9154  3.224    4  0.000  0.533     0.00     0.00     0.00     0.00     0.00 -1    -1e-30      0.00 7.562e-01 2.437e-01 1.688e-05 4.684e-06 4.222e-05 -1.000 9.997e-05 0.526 1.629 0.457 0.616 0.772 0.875
9.8116e-05 -2.19174 10.07918 0.7992828488 2.4184734821    0.742  1.701  3.9109  3.203    4  0.000  0.533     0.00     0.00     0.00     0.00     0.00 -1    -1e-30      0.00 7.562e-01 2.437e-01 1.688e-05 4.684e-06 4.222e-05 -1.000 9.993e-05 0.518 1.625 0.448 0.596 0.746 0.846
9.8116e-05 -2.19174 10.07918 0.7993294001 2.4184896946    0.742  1.704  3.9062  3.181    4  0.000  0.533     0.00     0.00     0.00     0.00     0.00 -1    -1e-30      0.00 7.562e-01 2.437e-01 1.688e-05 4.684e-06 4.222e-05 -1.000 9.997e-05 0.509 1.620 0.441 0.577 0.719 0.816
9.8116e-05 -2.19174 10.07918 0.7993761301 2.4185061455    0.742  1.708  3.9008  3.155    4  0.000  0.533     0.00     0.00     0.00     0.00     0.00 -1    -1e-30      0.00 7.562e-01 2.437e-01 1.688e-05 4.684e-06 4.222e-05 -1.000 9.999e-05 0.500 1.615 0.433 0.555 0.689 0.783
9.8116e-05 -2.19174 10.07918 0.7994243503 2.4185230732    0.742  1.712  3.8947  3.127    4  0.000  0.533     0.00     0.00     0.00     0.00     0.00 -1    -1e-30      0.00 7.562e-01 2.437e-01 1.688e-05 4.684e-06 4.222e-05 -1.000 1.000e-04 0.489 1.608 0.428 0.532 0.657 0.746
9.8116e-05 -2.19174 10.07918 0.7994737029 2.4185402393    0.742  1.717  3.8879  3.095    4  0.000  0.533     0.00     0.00     0.00     0.00     0.00 -1    -1e-30      0.00 7.562e-01 2.437e-01 1.688e-05 4.684e-06 4.222e-05 -1.000 9.991e-05 0.478 1.601 0.425 0.507 0.621 0.705
9.8116e-05 -2.19174 10.07918 0.7995197177 2.4185564518    0.742  1.722  3.8810  3.063    4  0.000  0.533     0.00     0.00     0.00     0.00     0.00 -1    -1e-30      0.00 7.562e-01 2.437e-01 1.688e-05 4.684e-06 4.222e-05 -1.000 9.997e-05 0.466 1.593 0.426 0.485 0.586 0.666
9.8116e-05 -2.19174 10.07918 0.7995240688 2.4185578823    0.742  1.722  3.8803  3.059    4  0.000  0.533     0.00     0.00     0.00     0.00     0.00 -1    -1e-30      0.00 7.562e-01 2.437e-01 1.688e-05 4.684e-06 4.222e-05 -1.000 9.997e-05 0.464 1.593 0.426 0.483 0.583 0.662
9.8116e-05 -2.19174 10.07918 0.7995317578 2.4185607433    0.742  1.723  3.8792  3.054    4  0.000  0.533     0.00     0.00     0.00     0.00     0.00 -1    -1e-30      0.00 7.562e-01 2.437e-01 1.688e-05 4.684e-06 4.222e-05 -1.000 1.000e-04 0.462 1.591 0.426 0.479 0.577 0.656
9.8116e-05 -2.19174 10.07918 0.7995770574 2.4185764790    0.742  1.728  3.8726  3.023    4  0.000  0.533     0.00     0.00     0.00     0.00     0.00 -1    -1e-30      0.00 7.562e-01 2.437e-01 1.688e-05 4.684e-06 4.222e-05 -1.000 1.000e-04 0.451 1.584 0.429 0.459 0.545 0.619
9.8116e-05 -2.19174 10.07918 0.7996212244 2.4185919762    0.742  1.733  3.8655  2.990    4  0.000  0.533     0.00     0.00     0.00     0.00     0.00 -1    -1e-30      0.00 7.562e-01 2.437e-01 1.688e-05 4.684e-06 4.222e-05 -1.000 9.993e-05 0.438 1.576 0.433 0.440 0.513 0.581
9.8116e-05 -2.19174 10.07918 0.7996684313 2.4186084270    0.742  1.738  3.8575  2.952    4  0.000  0.533     0.00     0.00     0.00     0.00     0.00 -1    -1e-30      0.00 7.562e-01 2.437e-01 1.688e-05 4.684e-06 4.222e-05 -1.000 1.000e-04 0.424 1.567 0.439 0.420 0.477 0.538
9.8116e-05 -2.19174 10.07918 0.7997133732 2.4186241627    0.742  1.744  3.8492  2.913    4  0.000  0.533     0.00     0.00     0.00     0.00     0.00 -1    -1e-30      0.00 7.562e-01 2.437e-01 1.688e-05 4.684e-06 4.222e-05 -1.000 1.001e-04 0.410 1.557 0.447 0.401 0.443 0.496
9.8116e-05 -2.19174 10.07918 0.7997564077 2.4186394215    0.742  1.750  3.8408  2.874    4  0.000  0.533     0.00     0.00     0.00     0.00     0.00 -1    -1e-30      0.00 7.562e-01 2.437e-01 1.688e-05 4.684e-06 4.222e-05 -1.000 9.999e-05 0.395 1.549 0.456 0.382 0.409 0.454
9.8116e-05 -2.19174 10.07918 0.7998008728 2.4186549187    0.742  1.756  3.8323  2.834    4  0.000  0.533     0.00     0.00     0.00     0.00     0.00 -1    -1e-30      0.00 7.562e-01 2.437e-01 1.688e-05 4.684e-06 4.222e-05 -1.000 9.993e-05 0.380 1.541 0.465 0.364 0.374 0.412
9.8116e-05 -2.19174 10.07918 0.7998445034 2.4186701775    0.742  1.762  3.8239  2.794    4  0.000  0.533     0.00     0.00     0.00     0.00     0.00 -1    -1e-30      0.00 7.562e-01 2.437e-01 1.688e-05 4.684e-06 4.222e-05 -1.000 9.991e-05 0.364 1.535 0.475 0.347 0.341 0.370
9.8116e-05 -2.19174 10.07918 0.7998885512 2.4186856747    0.743  1.769  3.8158  2.755    4  0.000  0.533     0.00     0.00     0.00     0.00     0.00 -1    -1e-30      0.00 7.562e-01 2.437e-01 1.688e-05 4.684e-06 4.222e-05 -1.000 9.993e-05 0.348 1.530 0.485 0.330 0.309 0.330
9.8116e-05 -2.19174 10.07918 0.7999327183 2.4187009335    0.743  1.775  3.8083  2.719    4  0.000  0.533     0.00     0.00     0.00     0.00     0.00 -1    -1e-30      0.00 7.562e-01 2.437e-01 1.688e-05 4.684e-06 4.222e-05 -1.000 9.991e-05 0.331 1.525 0.494 0.313 0.279 0.292
9.8116e-05 -2.19174 10.07918 0.7999771237 2.4187166691    0.743  1.784  3.7999  2.677    4  0.000  0.533     0.00     0.00     0.00     0.00     0.00 -1    -1e-30      0.00 7.562e-01 2.437e-01 1.688e-05 4.684e-06 4.222e-05 -1.000 9.993e-05 0.311 1.517 0.505 0.294 0.243 0.247
9.8116e-05 -2.19174 10.07918 0.7999859452 2.4187195301    0.743  1.786  3.7981  2.668    4  0.000  0.533     0.00     0.00     0.00     0.00     0.00 -1    -1e-30      0.00 7.562e-01 2.437e-01 1.688e-05 4.684e-06 4.222e-05 -1.000 9.991e-05 0.306 1.517 0.507 0.290 0.236 0.238
9.8116e-05 -2.19174 10.07918 0.8000315428 2.4187355042    0.743  1.796  3.7900  2.625    4  0.000  0.533     0.00     0.00     0.00     0.00     0.00 -1    -1e-30      0.00 7.562e-01 2.437e-01 1.688e-05 4.684e-06 4.222e-05 -1.000 9.999e-05 0.281 1.509 0.513 0.267 0.198 0.191
9.8116e-05 -2.19174 10.07918 0.8000764251 2.4187512398    0.743  1.810  3.7799  2.570    4  0.000  0.533     0.00     0.00     0.00     0.00     0.00 -1    -1e-30      0.00 7.562e-01 2.437e-01 1.688e-05 4.684e-06 4.222e-05 -1.000 1.000e-04 0.244 1.496 0.515 0.233 0.146 0.127
9.8116e-05 -2.19174 10.07918 0.8001142144 2.4187645912    0.743  1.836  3.7669  2.492    4  0.000  0.533     0.00     0.00     0.00     0.00     0.00 -1    -1e-30      0.00 7.562e-01 2.437e-01 1.688e-05 4.684e-06 4.222e-05 -1.000 9.991e-05 0.179 1.480 0.501 0.174 0.064 0.030
9.8116e-05 -2.19174 10.07918 0.8001347184 2.4187717438    0.743  1.867  3.7553  2.415    4  0.000  0.533     0.00     0.00     0.00     0.00     0.00 -1    -1e-30      0.00 7.562e-01 2.437e-01 1.688e-05 4.684e-06 4.222e-05 -1.000 1.000e-04 0.101 1.451 0.470 0.102 -0.029 -0.077
9.8116e-05 -2.19174 10.07918 0.8001438975 2.4187748432    0.743  1.899  3.7461  2.346    4  0.000  0.533     0.00     0.00     0.00     0.00     0.00 -1    -1e-30      0.00 7.562e-01 2.437e-01 1.688e-05 4.684e-06 4.222e-05 -1.000 9.999e-05 0.023 1.418 0.429 0.029 -0.118 -0.178
9.8116e-05 -2.19174 10.07918 0.8001480699 2.4187762737    0.743  1.932  3.7383  2.282    4  0.000  0.533     0.00     0.00     0.00     0.00     0.00 -1    -1e-30      0.00 7.562e-01 2.437e-01 1.688e-05 4.684e-06 4.222e-05 -1.000 9.999e-05 -0.061 1.382 0.379 -0.049 -0.209 -0.279
9.8116e-05 -2.19174 10.07918 0.8001500368 2.4187769890    0.743  1.963  3.7325  2.228    4  0.000  0.533     0.00     0.00     0.00     0.00     0.00 -1    -1e-30      0.00 7.562e-01 2.437e-01 1.688e-05 4.684e-06 4.222e-05 -1.000 9.999e-05 -0.139 1.349 0.327 -0.123 -0.294 -0.371
9.8116e-05 -2.19174 10.07918 0.8001508117 2.4187772274    0.743  1.984  3.7294  2.195    7  0.000  0.533     0.00     0.00     0.00     0.00     0.00 -1    -1e-30      0.00 7.562e-01 2.437e-01 1.688e-05 4.684e-06 4.222e-05 -1.000 9.999e-05 -0.189 1.323 0.290 -0.171 -0.348 -0.430
9.8116e-05 -2.19174 10.07918 0.8001510501 2.4187774658    0.743  1.993  3.7283  2.181    7  0.000  0.533     0.00     0.00     0.00     0.00     0.00 -1    -1e-30      0.00 7.562e-01 2.437e-01 1.688e-05 4.684e-06 4.222e-05 -1.000 9.999e-05 -0.212 1.311 0.272 -0.193 -0.372 -0.455
9.8116e-05 -2.19174 10.07918 0.8001519442 2.4187777042    0.743  2.032  3.7241  2.125    7  0.000  0.533     0.00     0.00     0.00     0.00     0.00 -1    -1e-30      0.00 7.562e-01 2.437e-01 1.688e-05 4.684e-06 4.222e-05 -1.000 9.990e-05 -0.311 1.250 0.193 -0.289 -0.475 -0.563
9.8116e-05 -2.19174 10.07918 0.8001527786 2.4187779427    0.743  2.072  3.7205  2.070    7  0.000  0.533     0.00     0.00     0.00     0.00     0.00 -1    -1e-30      0.00 7.562e-01 2.437e-01 1.688e-05 4.684e-06 4.222e-05 -1.000 1.000e-04 -0.411 1.184 0.110 -0.386 -0.579 -0.671
9.8116e-05 -2.19174 10.07918 0.8001536131 2.4187781811    0.743  2.112  3.7172  2.017    7  0.000  0.533     0.00     0.00     0.00     0.00     0.00 -1    -1e-30      0.00 7.562e-01 2.437e-01 1.688e-05 4.684e-06 4.222e-05 -1.000 9.999e-05 -0.511 1.119 0.026 -0.483 -0.681 -0.779
9.8116e-05 -2.19174 10.07918 0.8001544476 2.4187786579    0.743  2.150  3.7145  1.969    7  0.000  0.533     0.00     0.00     0.00     0.00     0.00 -1    -1e-30      0.00 7.562e-01 2.437e-01 1.688e-05 4.684e-06 4.222e-05 -1.000 9.999e-05 -0.604 1.058 -0.052 -0.573 -0.777 -0.878
9.8116e-05 -2.19174 10.07918 0.8001558185 2.4187791348    0.743  2.173  3.7130  1.940    7  0.000  0.533     0.00     0.00     0.00     0.00     0.00 -1    -1e-30      0.00 7.562e-01 2.437e-01 1.688e-05 4.684e-06 4.222e-05 -1.000 9.990e-05 -0.662 1.018 -0.103 -0.630 -0.837 -0.940
9.8116e-05 -2.19174 10.07918 0.8001583219 2.4187798500    0.743  2.153  3.7146  1.966    7  0.000  0.533     0.00     0.00     0.00     0.00     0.00 -1    -1e-30      0.00 7.562e-01 2.437e-01 1.688e-05 4.684e-06 4.222e-05 -1.000 1.000e-04 -0.613 1.049 -0.062 -0.582 -0.786 -0.886
9.8116e-05 -2.19174 10.07918 0.8001741767 2.4187853336    0.743  2.143  3.7149  1.977    7  0.000  0.533     0.00     0.00     0.00     0.00     0.00 -1    -1e-30      0.00 7.562e-01 2.437e-01 1.688e-05 4.684e-06 4.222e-05 -1.000 9.993e-05 -0.587 1.070 -0.038 -0.557 -0.760 -0.860
9.8116e-05 -2.19174 10.07918 0.8001891375 2.4187905788    0.743  2.174  3.7124  1.936    7  0.000  0.533     0.00     0.00     0.00     0.00     0.00 -1    -1e-30      0.00 7.562e-01 2.437e-01 1.688e-05 4.684e-06 4.222e-05 -1.000 9.991e-05 -0.666 1.022 -0.103 -0.633 -0.841 -0.945
9.8116e-05 -2.19174 10.07918 0.8002071977 2.4187970161    0.743  2.222  3.7091  1.876    7  0.000  0.533     0.00     0.00     0.00     0.00     0.00 -1    -1e-30      0.00 7.562e-01 2.437e-01 1.688e-05 4.684e-06 4.222e-05 -1.000 9.990e-05 -0.784 0.945 -0.204 -0.748 -0.962 -1.071
9.8116e-05 -2.19174 10.07918 0.8002245426 2.4188029766    0.743  2.263  3.7064  1.823    7  0.000  0.533     0.00     0.00     0.00     0.00     0.00 -1    -1e-30      0.00 7.562e-01 2.437e-01 1.688e-05 4.684e-06 4.222e-05 -1.000 9.999e-05 -0.888 0.878 -0.293 -0.850 -1.069 -1.181
9.8116e-05 -2.19174 10.07918 0.8002404571 2.4188086987    0.743  2.305  3.7039  1.772    7  0.000  0.533     0.00     0.00     0.00     0.00     0.00 -1    -1e-30      0.00 7.562e-01 2.437e-01 1.688e-05 4.684e-06 4.222e-05 -1.000 9.999e-05 -0.991 0.810 -0.381 -0.950 -1.174 -1.289
9.8116e-05 -2.19174 10.07918 0.8002547622 2.4188137054    0.743  2.346  3.7015  1.721    7  0.000  0.533     0.00     0.00     0.00     0.00     0.00 -1    -1e-30      0.00 7.562e-01 2.437e-01 1.688e-05 4.685e-06 4.222e-05 -1.000 9.993e-05 -1.094 0.742 -0.470 -1.050 -1.279 -1.398
9.8116e-05 -2.19174 10.07918 0.8002675176 2.4188179970    0.743  2.387  3.6992  1.670    7  0.000  0.533     0.00     0.00     0.00     0.00     0.00 -1    -1e-30      0.00 7.562e-01 2.437e-01 1.687e-05 4.687e-06 4.222e-05 -1.000 9.999e-05 -1.198 0.673 -0.559 -1.150 -1.384 -1.506
9.8116e-05 -2.19174 10.07918 0.8002787232 2.4188220501    0.743  2.428  3.6969  1.620    7  0.000  0.531     0.00     0.00     0.00     0.00     0.00 -1    -1e-30      0.00 7.562e-01 2.437e-01 1.681e-05 4.709e-06 4.222e-05 -1.000 9.558e-05 -1.301 0.607 -0.648 -1.250 -1.488 -1.614
9.8116e-05 -2.19174 10.07918 0.8002885580 2.4188253880    0.743  2.469  3.6946  1.570    7  0.000  0.524     0.00     0.00     0.00     0.00     0.00 -1    -1e-30      0.00 7.561e-01 2.438e-01 1.661e-05 4.858e-06 4.222e-05 -1.000 9.355e-05 -1.403 0.541 -0.735 -1.348 -1.592 -1.720
9.8116e-05 -2.19174 10.07918 0.8002974987 2.4188284874    0.743  2.510  3.6924  1.520    7  0.000  0.510     6.26     5.05     3.60     2.78     2.25  3    -1e-30      0.00 7.560e-01 2.439e-01 1.616e-05 5.335e-06 4.223e-05 -1.000 9.890e-05 -1.506 0.474 -0.823 -1.447 -1.695 -1.827
9.8116e-05 -2.19174 10.07918 0.8003056049 2.4188313484    0.743  2.551  3.6902  1.471    7  0.000  0.493     6.96     5.53     3.92     3.03     2.45  3    -1e-30      0.00 7.559e-01 2.440e-01 1.562e-05 5.991e-06 4.224e-05 -1.000 1.000e-04 -1.607 0.409 -0.910 -1.546 -1.798 -1.933
9.8116e-05 -2.19174 10.07918 0.8003131151 2.4188339710    0.743  2.591  3.6880  1.421    7  0.000  0.477     7.73     6.04     4.26     3.31     2.68  3    -1e-30      0.00 7.557e-01 2.442e-01 1.512e-05 6.603e-06 4.225e-05 -1.000 1.000e-04 -1.709 0.349 -0.994 -1.643 -1.900 -2.039
9.8116e-05 -2.19174 10.07918 0.8003200293 2.4188363552    0.743  2.632  3.6858  1.372    7  0.000  0.463     8.58     6.60     4.64     3.61     2.92  3    -1e-30      0.00 7.555e-01 2.444e-01 1.468e-05 7.141e-06 4.227e-05 -1.000 1.000e-04 -1.810 0.291 -1.079 -1.740 -2.002 -2.144
9.8116e-05 -2.19174 10.07918 0.8003265858 2.4188387394    0.743  2.672  3.6836  1.323    7  0.000  0.452     9.53     7.22     5.05     3.93     3.18  3    -1e-30      0.00 7.553e-01 2.446e-01 1.432e-05 7.595e-06 4.228e-05 -1.000 9.996e-05 -1.911 0.263 -1.158 -1.838 -2.106 -2.251
9.8116e-05 -2.19174 10.07918 0.8003328443 2.4188408852    0.743  2.713  3.6814  1.274    7  0.000  0.442    10.57     7.89     5.50     4.29     3.47  3    -1e-30      0.00 7.550e-01 2.449e-01 1.400e-05 7.990e-06 4.227e-05 -1.000 1.000e-04 -2.012 0.241 -1.235 -1.937 -2.210 -2.359
9.8116e-05 -2.19174 10.07918 0.8003388643 2.4188430309    0.743  2.753  3.6792  1.225    7  0.000  0.433    11.74     8.62     5.99     4.67     3.78  2    -1e-30      0.00 7.548e-01 2.451e-01 1.372e-05 8.332e-06 4.227e-05 -1.000 9.991e-05 -2.113 0.227 -1.311 -2.035 -2.315 -2.466
9.8116e-05 -2.19174 10.07918 0.8003445864 2.4188449383    0.743  2.794  3.6770  1.174    7  0.000  0.425    13.07     9.44     6.53     5.10     4.13  2    -1e-30      0.00 7.545e-01 2.454e-01 1.348e-05 8.638e-06 4.224e-05 -1.000 1.000e-04 -2.216 0.223 -1.384 -2.134 -2.420 -2.576
9.8116e-05 -2.19174 10.07918 0.8003494740 2.4188466072    0.743  2.836  3.6747  1.124    7  0.000  0.419    14.55    10.35     7.13     5.58     4.51  2    -1e-30      0.00 7.542e-01 2.457e-01 1.327e-05 8.909e-06 4.219e-05 -1.000 1.000e-04 -2.320 0.227 -1.455 -2.233 -2.527 -2.686
9.8116e-05 -2.19174 10.07918 0.8003537059 2.4188482761    0.743  2.877  3.6724  1.073    7  0.000  0.414    16.20    11.33     7.78     6.09     4.93  2    -1e-30      0.00 7.539e-01 2.460e-01 1.309e-05 9.154e-06 4.211e-05 -1.000 9.993e-05 -2.422 0.241 -1.522 -2.331 -2.632 -2.796
9.8116e-05 -2.19174 10.07918 0.8003572226 2.4188494682    0.743  2.918  3.6700  1.023    7  0.000  0.411    18.02    12.41     8.48     6.65     5.39  2    -1e-30      0.00 7.537e-01 2.462e-01 1.293e-05 9.400e-06 4.199e-05 -1.000 9.999e-05 -2.525 0.262 -1.586 -2.427 -2.738 -2.905
9.8116e-05 -2.19174 10.07918 0.8003604412 2.4188506603    0.743  2.958  3.6677  0.974    7  0.000  0.408    20.01    13.56     9.23     7.25     5.87  2    -1e-30      0.00 7.534e-01 2.465e-01 1.280e-05 9.648e-06 4.184e-05 -1.000 9.075e-05 -2.624 0.300 -1.642 -2.520 -2.839 -3.012
9.8116e-05 -2.19174 10.07918 0.8003637791 2.4188516140    0.743  2.998  3.6654  0.924    7  0.000  0.406    22.24    14.83    10.06     7.91     6.41  1    -1e-30      0.00 7.532e-01 2.467e-01 1.270e-05 9.883e-06 4.169e-05 -1.000 9.988e-05 -2.725 0.353 -1.693 -2.612 -2.942 -3.120
9.8116e-05 -2.19174 10.07918 0.8003667593 2.4188528061    0.743  3.043  3.6628  0.869    7  0.000  0.405    25.02    16.39    11.06     8.71     7.06  1    -1e-30      0.00 7.529e-01 2.470e-01 1.262e-05 1.012e-05 4.153e-05 -1.000 1.000e-04 -2.837 0.423 -1.744 -2.713 -3.056 -3.240
9.8116e-05 -2.19174 10.07918 0.8003681302 2.4188532829    0.743  3.069  3.6612  0.837    7  0.000  0.404    26.78    17.37    11.69     9.22     7.47  1    -1e-30      0.00 7.527e-01 2.472e-01 1.255e-05 1.034e-05 4.137e-05 -1.000 9.990e-05 -2.902 0.473 -1.770 -2.770 -3.122 -3.310
9.8116e-05 -2.19174 10.07918 0.8003685474 2.4188532829    0.743  3.046  3.6626  0.866    7  0.000  0.404    25.21    16.50    11.13     8.77     7.11  1    -1e-30      0.00 7.526e-01 2.473e-01 1.251e-05 1.047e-05 4.127e-05 -1.000 9.993e-05 -2.845 0.426 -1.748 -2.720 -3.064 -3.248
9.8116e-05 -2.19174 10.07918 0.8003686666 2.4188535213    0.743  3.042  3.6628  0.870    7  0.000  0.404    24.98    16.37    11.05     8.70     7.05  1    -1e-30      0.00 7.526e-01 2.473e-01 1.251e-05 1.047e-05 4.127e-05 -1.000 9.996e-05 -2.836 0.420 -1.745 -2.712 -3.055 -3.239
9.8116e-05 -2.19174 10.07918 0.8003687263 2.4188535213    0.743  3.042  3.6628  0.871    7  0.000  0.404    24.94    16.35    11.04     8.69     7.04  1    -1e-30      0.00 7.526e-01 2.473e-01 1.251e-05 1.048e-05 4.127e-05 -1.000 9.993e-05 -2.834 0.419 -1.744 -2.710 -3.054 -3.237
9.8116e-05 -2.19174 10.07918 0.8003688455 2.4188535213    0.743  3.058  3.6619  0.850    7  0.000  0.404    26.03    16.96    11.43     9.00     7.30  1    -1e-30      0.00 7.526e-01 2.473e-01 1.251e-05 1.048e-05 4.126e-05 -1.000 9.997e-05 -2.875 0.450 -1.760 -2.747 -3.095 -3.281
9.8116e-05 -2.19174 10.07918 0.8003689051 2.4188535213    0.743  3.070  3.6611  0.835    7  0.000  0.404    26.88    17.42    11.73     9.24     7.50  1    -1e-30      0.00 7.526e-01 2.473e-01 1.251e-05 1.048e-05 4.126e-05 -1.000 1.000e-04 -2.905 0.475 -1.772 -2.773 -3.126 -3.314
9.8116e-05 -2.19174 10.07918 0.8003690839 2.4188535213    0.743  3.094  3.6596  0.806    7  0.000  0.404    28.64    18.39    12.35     9.74     7.90  1    -1e-30      0.00 7.526e-01 2.473e-01 1.250e-05 1.050e-05 4.125e-05 -1.000 9.999e-05 -2.965 0.529 -1.792 -2.826 -3.187 -3.378
9.8116e-05 -2.19174 10.07918 0.8003692627 2.4188535213    0.743  3.134  3.6571  0.755    7  0.000  0.403    31.88    20.14    13.47    10.64     8.63  1    -1e-30      0.00 7.522e-01 2.477e-01 1.239e-05 1.090e-05 4.096e-05 -1.000 1.000e-04 -3.065 0.598 -1.831 -2.912 -3.286 -3.484
9.8116e-05 -2.19174 10.07918 0.8003696203 2.4188537598    0.743  3.187  3.6536  0.688    7  0.000  0.403    36.78    22.74    15.13    11.97     9.71  1    -1e-30      0.00 7.517e-01 2.482e-01 1.228e-05 1.134e-05 4.062e-05 -1.000 1.001e-04 -3.199 0.630 -1.896 -3.025 -3.415 -3.621
9.8116e-05 -2.19174 10.07918 0.8003701568 2.4188539982    0.743  3.238  3.6503  0.624    7  0.523  0.403    42.11    25.51    16.88    13.38    10.86  1    -1e-30      0.00 7.513e-01 2.486e-01 1.217e-05 1.176e-05 4.029e-05 -1.000 1.001e-04 -3.325 0.666 -1.955 -3.131 -3.537 -3.751
9.8116e-05 -2.19174 10.07918 0.8003704548 2.4188539982    0.743  3.249  3.6477  0.603    8  0.521  0.416    44.07    26.52    17.52    13.89    11.27  1 -4.47e-07      0.00 7.511e-01 2.487e-01 1.270e-05 1.188e-05 4.069e-05 -1.000 1.417e-04 -3.352 0.742 -1.936 -3.141 -3.558 -3.778
9.8116e-05 -2.19174 10.07918 0.8003705144 2.4188539982    0.741  3.033  3.6611  0.871    8  0.521  0.416    24.91    16.33    11.02     8.68     7.04  1 -1.89e-07      0.00 7.511e-01 2.487e-01 1.270e-05 1.188e-05 4.069e-05 -1.000 1.417e-04 -2.813 0.541 -1.688 -2.682 -3.033 -3.220
9.8116e-05 -2.19174 10.07918 0.8003706336 2.4188539982    0.739  2.877  3.6705  1.063    8  0.521  0.416    16.52    11.52     7.90     6.19     5.01  2 -1.07e-07      0.00 7.511e-01 2.487e-01 1.270e-05 1.188e-05 4.069e-05 -1.000 1.418e-04 -2.422 0.327 -1.494 -2.326 -2.634 -2.800
9.8116e-05 -2.19174 10.07918 0.8003708720 2.4188542366    0.733  2.654  3.6839  1.336    8  0.521  0.416     9.22     7.02     4.92     3.83     3.10  3 -5.14e-08      0.00 7.511e-01 2.487e-01 1.270e-05 1.188e-05 4.069e-05 -1.000 1.417e-04 -1.866 0.298 -1.115 -1.793 -2.060 -2.205
9.8116e-05 -2.19174 10.07918 0.8003711104 2.4188542366    0.726  2.657  3.6835  1.328    8  0.522  0.416     9.36     7.11     4.98     3.88     3.14  3 -5.24e-08      0.00 7.511e-01 2.487e-01 1.270e-05 1.188e-05 4.069e-05 -1.000 1.418e-04 -1.873 0.304 -1.119 -1.800 -2.068 -2.213
9.8116e-05 -2.19174 10.07918 0.8003715277 2.4188544750    0.716  2.725  3.6791  1.236    8  0.522  0.416    11.34     8.37     5.82     4.54     3.67  2 -6.61e-08      0.00 7.511e-01 2.487e-01 1.270e-05 1.188e-05 4.069e-05 -1.000 1.418e-04 -2.044 0.299 -1.240 -1.965 -2.245 -2.397
9.8116e-05 -2.19174 10.07918 0.8003719449 2.4188544750    0.705  2.909  3.6676  1.000    8  0.522  0.416    18.68    12.76     8.70     6.84     5.54  2 -1.26e-07      0.00 7.511e-01 2.487e-01 1.270e-05 1.188e-05 4.069e-05 -1.000 1.417e-04 -2.502 0.411 -1.522 -2.397 -2.716 -2.888
9.8116e-05 -2.19174 10.07918 0.8003724813 2.4188547134    0.692  3.077  3.6570  0.781    8  0.522  0.416    29.68    18.87    12.64    10.00     8.10  1 -2.44e-07      0.00 7.511e-01 2.487e-01 1.270e-05 1.188e-05 4.069e-05 -1.000 1.417e-04 -2.923 0.718 -1.696 -2.770 -3.143 -3.340
9.8116e-05 -2.19174 10.07918 0.8003730774 2.4188549519    0.678  3.188  3.6499  0.632    8  0.523  0.416    40.62    24.57    16.25    12.92    10.47  1 -3.95e-07      0.00 7.511e-01 2.487e-01 1.270e-05 1.188e-05 4.069e-05 -1.000 1.417e-04 -3.201 0.796 -1.828 -3.005 -3.412 -3.627
9.8116e-05 -2.19174 10.07918 0.8003737330 2.4188551903    0.662  3.247  3.6459  0.548    8  0.523  0.416    48.45    28.45    18.68    14.89    12.08  1 -5.25e-07      0.00 7.511e-01 2.487e-01 1.270e-05 1.188e-05 4.069e-05 -1.000 1.417e-04 -3.347 0.855 -1.886 -3.123 -3.550 -3.776
9.8116e-05 -2.19174 10.07918 0.8003745079 2.4188554287    0.645  3.272  3.6439  0.503    8  0.524  0.416    53.05    30.63    20.04    16.00    12.98  1 -6.09e-07      0.00 7.511e-01 2.487e-01 1.270e-05 1.188e-05 4.069e-05 -1.000 1.417e-04 -3.410 0.901 -1.902 -3.171 -3.609 -3.840
9.8116e-05 -2.19174 10.07918 0.8003753424 2.4188556671    0.626  3.283  3.6427  0.475    8  0.524  0.416    56.07    31.99    20.87    16.70    13.54  1 -6.67e-07      0.00 7.511e-01 2.487e-01 1.270e-05 1.188e-05 4.069e-05 -1.000 1.417e-04 -3.437 0.940 -1.897 -3.188 -3.634 -3.869
9.8116e-05 -2.19174 10.07918 0.8003792167 2.4188570976    0.526 -9.999  4.0000  1.882    9  0.526  0.000     0.00     0.00     0.00     0.00     0.00 -1    -1e-30      0.00 7.511e-01 2.487e-01 1.270e-05 1.188e-05 4.069e-05 -1.000 1.417e-04 29.767 30.705 29.960 30.213 30.433 30.558
#isochrone terminated
