# File generated by CMD 3.6 (http://stev.oapd.inaf.it/cmd) on Tue Dec  7 08:01:04 CET 2021
# isochrones based on PARSEC release v1.2S +  COLIBRI S_37 + S_35 + PR16
# Basic references: Bressan et al. (2012), MNRAS, 427, 127 + Chen et al. (2014, 2015), MNRAS, 444, 2525 + MNRAS, 452, 1068 + Tang et al. (2014), MNRAS, 445, 4287 + Marigo et al. (2017), ApJ, 835, 77 + Pastorelli al. (2019), MNRAS, 485, 5666 + Pastorelli al. (2020), MNRAS, in press
# Thermal pulse cycles included 
# On RGB, assumed Reimers mass loss with efficiency eta=0.2
# LPV periods and growth rates added cf. Trabucchi et al. (2019)
# but fundamental-mode LPV periods are from Trabucchi et al. (2021)
# Photometric system: SDSS <i>ugriz</i>
# Using YBC version of bolometric corrections as in Chen et al. (2019)
# O-rich circumstellar dpmod60alox40 dust from Groenewegen (2006)
# C-rich circumstellar AMCSIC15 dust from Groenewegen (2006)
# IMF: Kroupa (2001, 2002) + Kroupa et al. (2013) canonical two-part-power law IMF corrected for unresolved binaries 
# Kind of output: isochrone tables
# Zini     MH   logAge Mini        int_IMF         Mass   logL    logTe  logg  label   McoreTP C_O  period0  period1  period2  period3  period4  pmode  Mloss  tau1m   X   Y   Xc  Xn  Xo  Cexcess  Z 	 mbolmag  umag    gmag    rmag    imag    zmag
0.00024632 -1.80000 10.07918 0.0900000036 1.0816895962    0.090 -3.197  3.4849  5.480    1  0.000  0.545     0.00     0.00     0.00     0.00     0.00 -1 -4.85e-17      0.00 7.483e-01 2.514e-01 4.823e-05 1.301e-05 1.180e-04 -1.000 2.681e-04 12.762 20.722 16.229 14.138 12.796 12.124
0.00024632 -1.80000 10.07918 0.0963150933 1.1395664215    0.096 -2.964  3.5190  5.414    1  0.000  0.545     0.00     0.00     0.00     0.00     0.00 -1 -8.65e-17      0.00 7.467e-01 2.530e-01 4.823e-05 1.301e-05 1.180e-04 -1.000 2.682e-04 12.180 18.634 14.989 13.086 12.145 11.622
0.00024632 -1.80000 10.07918 0.1000000015 1.1711064577    0.100 -2.835  3.5378  5.377    1  0.000  0.545     0.00     0.00     0.00     0.00     0.00 -1 -1.19e-16      0.00 7.458e-01 2.540e-01 4.823e-05 1.301e-05 1.180e-04 -1.000 2.681e-04 11.858 17.607 14.339 12.570 11.786 11.332
0.00024632 -1.80000 10.07918 0.1199999973 1.3193154335    0.120 -2.543  3.5687  5.286    1  0.000  0.545     0.00     0.00     0.00     0.00     0.00 -1 -2.37e-16      0.00 7.427e-01 2.571e-01 4.823e-05 1.301e-05 1.180e-04 -1.000 2.683e-04 11.126 15.857 13.114 11.597 10.997 10.643
0.00024632 -1.80000 10.07918 0.1400000006 1.4384527206    0.140 -2.359  3.5835  5.229    1  0.000  0.545     0.00     0.00     0.00     0.00     0.00 -1 -3.57e-16      0.00 7.405e-01 2.592e-01 4.823e-05 1.301e-05 1.180e-04 -1.000 2.683e-04 10.667 14.978 12.445 11.056 10.516 10.200
0.00024632 -1.80000 10.07918 0.1599999964 1.5372931957    0.160 -2.215  3.5932  5.182    1  0.000  0.545     0.00     0.00     0.00     0.00     0.00 -1 -4.91e-16      0.00 7.391e-01 2.606e-01 4.823e-05 1.301e-05 1.180e-04 -1.000 2.682e-04 10.307 14.360 11.957 10.652 10.145 9.849
0.00024632 -1.80000 10.07918 0.2000000179 1.6938792467    0.200 -1.994  3.6056  5.107    1  0.000  0.545     0.00     0.00     0.00     0.00     0.00 -1 -7.96e-16      0.00 7.382e-01 2.615e-01 4.823e-05 1.301e-05 1.180e-04 -1.000 2.682e-04 9.755 13.507 11.252 10.049 9.580 9.308
0.00024632 -1.80000 10.07918 0.2500000000 1.8403258324    0.250 -1.792  3.6166  5.047    1  0.000  0.545     0.00     0.00     0.00     0.00     0.00 -1 -9.84e-16      0.00 7.384e-01 2.613e-01 4.822e-05 1.301e-05 1.180e-04 -1.000 2.681e-04 9.251 12.755 10.622 9.501 9.064 8.813
0.00024632 -1.80000 10.07918 0.3000000417 1.9529141188    0.300 -1.638  3.6256  5.007    1  0.000  0.545     0.00     0.00     0.00     0.00     0.00 -1 -1.66e-15      0.00 7.385e-01 2.612e-01 4.821e-05 1.301e-05 1.180e-04 -1.000 2.682e-04 8.864 12.179 10.137 9.080 8.668 8.433
0.00024632 -1.80000 10.07918 0.3499999940 2.0434174538    0.350 -1.511  3.6337  4.980    1  0.000  0.544     0.00     0.00     0.00     0.00     0.00 -1 -2.12e-15      0.00 7.383e-01 2.614e-01 4.819e-05 1.301e-05 1.180e-04 -1.000 2.682e-04 8.548 11.699 9.737 8.735 8.344 8.124
0.00024632 -1.80000 10.07918 0.4000000060 2.1185026169    0.400 -1.380  3.6434  4.946    1  0.000  0.545     0.00     0.00     0.00     0.00     0.00 -1 -2.79e-15      0.00 7.503e-01 2.494e-01 4.823e-05 1.301e-05 1.180e-04 -1.000 2.682e-04 8.220 11.183 9.316 8.374 8.009 7.806
0.00024632 -1.80000 10.07918 0.4500000477 2.1822810173    0.450 -1.219  3.6597  4.901    1  0.000  0.545     0.00     0.00     0.00     0.00     0.00 -1 -4.01e-15      0.00 7.506e-01 2.491e-01 4.823e-05 1.301e-05 1.180e-04 -1.000 2.682e-04 7.818 10.473 8.768 7.921 7.596 7.419
0.00024632 -1.80000 10.07918 0.5000000000 2.2374541759    0.500 -1.039  3.6799  4.848    1  0.000  0.545     0.00     0.00     0.00     0.00     0.00 -1 -6.12e-15      0.00 7.506e-01 2.491e-01 4.823e-05 1.301e-05 1.180e-04 -1.000 2.682e-04 7.367 9.649 8.156 7.420 7.140 6.995
0.00024632 -1.80000 10.07918 0.5500000715 2.2836585045    0.550 -0.831  3.7016  4.767    1  0.000  0.544     0.00     0.00     0.00     0.00     0.00 -1 -1.03e-14      0.00 7.848e-01 2.151e-01 4.204e-05 1.135e-05 1.030e-04 -1.000 1.689e-04 6.847 8.772 7.496 6.860 6.623 6.508
0.00024632 -1.80000 10.07918 0.6000000238 2.3211214542    0.600 -0.621  3.7277  4.700    1  0.000  0.544     0.00     0.00     0.00     0.00     0.00 -1 -1.73e-14      0.00 7.968e-01 2.030e-01 3.998e-05 1.080e-05 9.805e-05 -1.000 2.031e-04 6.322 7.899 6.841 6.311 6.119 6.038
0.00024632 -1.80000 10.07918 0.6089506149 2.3270854950    0.609 -0.582  3.7331  4.688    1  0.000  0.543     0.00     0.00     0.00     0.00     0.00 -1 -1.91e-14      0.00 7.994e-01 2.004e-01 3.954e-05 1.068e-05 9.700e-05 -1.000 2.179e-04 6.224 7.740 6.719 6.210 6.027 5.953
0.00024632 -1.80000 10.07918 0.6199615002 2.3341512680    0.620 -0.533  3.7397  4.673    1  0.000  0.543     0.00     0.00     0.00     0.00     0.00 -1 -2.15e-14      0.00 8.028e-01 1.970e-01 3.898e-05 1.053e-05 9.565e-05 -1.000 2.313e-04 6.102 7.547 6.570 6.085 5.914 5.847
0.00024632 -1.80000 10.07918 0.6306081414 2.3407144547    0.630 -0.485  3.7460  4.659    1  0.000  0.543     0.00     0.00     0.00     0.00     0.00 -1 -2.42e-14      0.00 8.062e-01 1.936e-01 3.841e-05 1.038e-05 9.429e-05 -1.000 2.400e-04 5.983 7.370 6.429 5.967 5.806 5.746
0.00024632 -1.80000 10.07918 0.6404981613 2.3465867043    0.640 -0.440  3.7517  4.644    1  0.000  0.543     0.00     0.00     0.00     0.00     0.00 -1 -1.31e-16      0.00 8.095e-01 1.902e-01 3.786e-05 1.023e-05 9.296e-05 -1.000 2.311e-04 5.871 7.206 6.297 5.856 5.705 5.653
0.00024632 -1.80000 10.07918 0.6496865749 2.3518586159    0.649 -0.399  3.7570  4.629    1  0.000  0.543     0.00     0.00     0.00     0.00     0.00 -1  -2.4e-14      0.00 8.128e-01 1.870e-01 3.732e-05 1.009e-05 9.170e-05 -1.000 2.029e-04 5.766 7.056 6.174 5.754 5.612 5.566
0.00024632 -1.80000 10.07918 0.6499999762 2.3520355225    0.650 -0.397  3.7572  4.628    1  0.000  0.543     0.00     0.00     0.00     0.00     0.00 -1 -3.02e-14      0.00 8.129e-01 1.869e-01 3.731e-05 1.009e-05 9.165e-05 -1.000 2.301e-04 5.762 7.050 6.169 5.750 5.608 5.562
0.00024632 -1.80000 10.07918 0.6562289596 2.3555090427    0.656 -0.368  3.7606  4.617    1  0.000  0.543     0.00     0.00     0.00     0.00     0.00 -1 -3.25e-14      0.00 8.156e-01 1.841e-01 3.685e-05 9.967e-06 9.057e-05 -1.000 2.455e-04 5.691 6.950 6.086 5.680 5.544 5.502
0.00024632 -1.80000 10.07918 0.6682724953 2.3620145321    0.668 -0.312  3.7670  4.595    1  0.000  0.542     0.00     0.00     0.00     0.00     0.00 -1 -3.77e-14      0.00 8.213e-01 1.785e-01 3.593e-05 9.720e-06 8.836e-05 -1.000 2.367e-04 5.550 6.764 5.926 5.543 5.418 5.383
0.00024632 -1.80000 10.07918 0.6793373227 2.3677580357    0.679 -0.259  3.7728  4.572    1  0.000  0.542     0.00     0.00     0.00     0.00     0.00 -1 -3.35e-14      0.00 8.268e-01 1.730e-01 3.502e-05 9.478e-06 8.618e-05 -1.000 2.106e-04 5.417 6.595 5.777 5.415 5.299 5.271
0.00024632 -1.80000 10.07918 0.6898880601 2.3730380535    0.690 -0.206  3.7782  4.548    1  0.000  0.541     0.00     0.00     0.00     0.00     0.00 -1 -1.31e-14      0.00 8.325e-01 1.673e-01 3.409e-05 9.231e-06 8.397e-05 -1.000 1.623e-04 5.286 6.432 5.632 5.288 5.181 5.160
0.00024632 -1.80000 10.07918 0.6997186542 2.3777930737    0.699 -0.156  3.7832  4.523    1  0.000  0.541     0.00     0.00     0.00     0.00     0.00 -1 -4.69e-14      0.00 8.381e-01 1.617e-01 3.317e-05 8.987e-06 8.178e-05 -1.000 2.164e-04 5.160 6.281 5.492 5.167 5.068 5.052
0.00024632 -1.80000 10.07918 0.6999999881 2.3779268265    0.700 -0.154  3.7833  4.522    1  0.000  0.541     0.00     0.00     0.00     0.00     0.00 -1 -5.75e-14      0.00 8.382e-01 1.616e-01 3.315e-05 8.979e-06 8.171e-05 -1.000 2.188e-04 5.156 6.277 5.488 5.163 5.064 5.049
0.00024632 -1.80000 10.07918 0.7005033493 2.3781659603    0.700 -0.152  3.7835  4.521    1  0.000  0.541     0.00     0.00     0.00     0.00     0.00 -1 -5.79e-14      0.00 8.385e-01 1.613e-01 3.309e-05 8.966e-06 8.160e-05 -1.000 2.219e-04 5.150 6.269 5.481 5.157 5.059 5.043
0.00024632 -1.80000 10.07918 0.7101447582 2.3826711178    0.710 -0.100  3.7881  4.493    1  0.000  0.538     0.00     0.00     0.00     0.00     0.00 -1 -6.69e-14      0.00 8.441e-01 1.557e-01 3.210e-05 8.724e-06 7.946e-05 -1.000 2.066e-04 5.019 6.119 5.338 5.030 4.940 4.929
0.00024632 -1.80000 10.07918 0.7186081409 2.3865113258    0.718 -0.051  3.7921  4.466    1  0.000  0.537     0.00     0.00     0.00     0.00     0.00 -1 -7.67e-14      0.00 8.488e-01 1.510e-01 3.129e-05 8.528e-06 7.771e-05 -1.000 1.934e-04 4.898 5.984 5.206 4.913 4.829 4.823
0.00024632 -1.80000 10.07918 0.7269652486 2.3902025223    0.726 -0.001  3.7959  4.436    1  0.000  0.535     0.00     0.00     0.00     0.00     0.00 -1 -8.86e-14      0.00 8.531e-01 1.467e-01 3.056e-05 8.351e-06 7.617e-05 -1.000 1.544e-04 4.773 5.847 5.070 4.790 4.713 4.712
0.00024632 -1.80000 10.07918 0.7341433167 2.3932960033    0.734  0.045  3.7991  4.407    1  0.000  0.533     0.00     0.00     0.00     0.00     0.00 -1 -1.01e-13      0.00 8.564e-01 1.434e-01 3.001e-05 8.220e-06 7.502e-05 -1.000 1.525e-04 4.659 5.724 4.947 4.679 4.607 4.609
0.00024632 -1.80000 10.07918 0.7410976291 2.3962275982    0.741  0.091  3.8020  4.376    1  0.000  0.532     0.00     0.00     0.00     0.00     0.00 -1 -4.79e-14      0.00 8.593e-01 1.405e-01 2.953e-05 8.107e-06 7.404e-05 -1.000 1.851e-04 4.542 5.602 4.821 4.563 4.497 4.503
0.00024632 -1.80000 10.07918 0.7480527759 2.3990967274    0.747  0.141  3.8049  4.342    1  0.000  0.530     0.00     0.00     0.00     0.00     0.00 -1 -3.08e-14      0.00 8.619e-01 1.378e-01 2.911e-05 8.007e-06 7.317e-05 -1.000 2.202e-04 4.417 5.473 4.688 4.440 4.378 4.388
0.00024632 -1.80000 10.07918 0.7500000000 2.3998889923    0.749  0.156  3.8056  4.331    1  0.000  0.530     0.00     0.00     0.00     0.00     0.00 -1 -1.41e-13      0.00 8.626e-01 1.371e-01 2.900e-05 7.982e-06 7.295e-05 -1.000 2.227e-04 4.380 5.436 4.649 4.404 4.343 4.353
0.00024632 -1.80000 10.07918 0.7528932691 2.4010574818    0.752  0.178  3.8069  4.316    1  0.000  0.530     0.00     0.00     0.00     0.00     0.00 -1 -1.51e-13      0.00 8.630e-01 1.368e-01 2.898e-05 7.979e-06 7.294e-05 -1.000 2.181e-04 4.326 5.380 4.591 4.350 4.291 4.303
0.00024632 -1.80000 10.07918 0.7594545484 2.4036698341    0.759  0.231  3.8095  4.277    1  0.000  0.529     0.00     0.00     0.00     0.00     0.00 -1 -1.77e-13      0.00 8.638e-01 1.361e-01 2.896e-05 7.975e-06 7.294e-05 -1.000 1.454e-04 4.192 5.244 4.448 4.217 4.163 4.178
0.00024632 -1.80000 10.07918 0.7654583454 2.4060149193    0.765  0.284  3.8115  4.235    1  0.000  0.529     0.00     0.00     0.00     0.00     0.00 -1 -2.09e-13      0.00 8.644e-01 1.354e-01 2.895e-05 7.975e-06 7.297e-05 -1.000 1.493e-04 4.060 5.112 4.308 4.085 4.035 4.052
0.00024632 -1.80000 10.07918 0.7710510492 2.4081616402    0.770  0.337  3.8130  4.192    1  0.000  0.529     0.00     0.00     0.00     0.00     0.00 -1 -2.47e-13      0.00 8.637e-01 1.362e-01 2.914e-05 8.031e-06 7.348e-05 -1.000 1.539e-04 3.928 4.983 4.171 3.953 3.906 3.925
0.00024632 -1.80000 10.07918 0.7748826742 2.4096119404    0.774  0.375  3.8135  4.158    1  0.000  0.529     0.00     0.00     0.00     0.00     0.00 -1 -2.81e-13      0.00 8.629e-01 1.370e-01 2.933e-05 8.082e-06 7.395e-05 -1.000 1.570e-04 3.832 4.889 4.072 3.857 3.811 3.831
0.00024632 -1.80000 10.07918 0.7761428952 2.4100854397    0.775  0.389  3.8134  4.144    1  0.000  0.529     0.00     0.00     0.00     0.00     0.00 -1 -2.95e-13      0.00 8.626e-01 1.373e-01 2.939e-05 8.099e-06 7.411e-05 -1.000 1.575e-04 3.797 4.856 4.036 3.821 3.775 3.795
0.00024632 -1.80000 10.07918 0.7810258865 2.4119031429    0.780  0.447  3.8119  4.083    1  0.000  0.529     0.00     0.00     0.00     0.00     0.00 -1 -3.58e-13      0.00 8.615e-01 1.383e-01 2.963e-05 8.166e-06 7.472e-05 -1.000 1.597e-04 3.653 4.719 3.893 3.675 3.627 3.646
0.00024632 -1.80000 10.07918 0.7847223878 2.4132618904    0.783  0.497  3.8089  4.023    1  0.000  0.529     0.00     0.00     0.00     0.00     0.00 -1 -4.31e-13      0.00 8.607e-01 1.392e-01 2.981e-05 8.216e-06 7.518e-05 -1.000 1.614e-04 3.528 4.603 3.773 3.547 3.495 3.510
0.00024632 -1.80000 10.07918 0.7853511572 2.4134914875    0.784  0.506  3.8082  4.011    1  0.000  0.529     0.00     0.00     0.00     0.00     0.00 -1 -4.47e-13      0.00 8.605e-01 1.393e-01 2.985e-05 8.225e-06 7.526e-05 -1.000 1.617e-04 3.505 4.582 3.751 3.523 3.470 3.484
0.00024632 -1.80000 10.07918 0.7859976888 2.4137270451    0.785  0.517  3.8071  3.996    2  0.000  0.529     0.00     0.00     0.00     0.00     0.00 -1 -4.67e-13      0.00 8.604e-01 1.394e-01 2.988e-05 8.234e-06 7.534e-05 -1.000 1.619e-04 3.478 4.559 3.727 3.496 3.441 3.454
0.00024632 -1.80000 10.07918 0.7881716490 2.4145164490    0.787  0.555  3.8021  3.939    2  0.000  0.529     0.00     0.00     0.00     0.00     0.00 -1 -5.41e-13      0.00 8.599e-01 1.399e-01 2.998e-05 8.263e-06 7.561e-05 -1.000 1.630e-04 3.383 4.478 3.643 3.397 3.334 3.342
0.00024632 -1.80000 10.07918 0.7898350954 2.4151170254    0.788  0.589  3.7959  3.881    2  0.000  0.529     0.00     0.00     0.00     0.00     0.00 -1 -6.25e-13      0.00 8.594e-01 1.404e-01 3.011e-05 8.298e-06 7.594e-05 -1.000 1.637e-04 3.297 4.411 3.572 3.307 3.235 3.236
0.00024632 -1.80000 10.07918 0.7911378741 2.4155852795    0.790  0.620  3.7885  3.821    2  0.000  0.529     0.00     0.00     0.00     0.00     0.00 -1 -7.19e-13      0.00 8.584e-01 1.414e-01 3.039e-05 8.373e-06 7.662e-05 -1.000 1.715e-04 3.219 4.358 3.514 3.226 3.142 3.134
0.00024632 -1.80000 10.07918 0.7921881676 2.4159615040    0.791  0.648  3.7804  3.762    2  0.000  0.529     0.00     0.00     0.00     0.00     0.00 -1  -8.2e-13      0.00 8.519e-01 1.479e-01 3.196e-05 8.803e-06 8.050e-05 -1.000 1.766e-04 3.150 4.319 3.468 3.153 3.057 3.039
0.00024632 -1.80000 10.07918 0.7930693030 2.4162764549    0.791  0.674  3.7723  3.704    2  0.000  0.531     0.00     0.00     0.00     0.00     0.00 -1 -9.29e-13      0.00 8.345e-01 1.653e-01 3.500e-05 9.624e-06 8.788e-05 -1.000 1.847e-04 3.086 4.293 3.428 3.087 2.977 2.950
0.00024632 -1.80000 10.07918 0.7938466072 2.4165534973    0.792  0.699  3.7647  3.648    2  0.000  0.533     0.00     0.00     0.00     0.00     0.00 -1 -5.24e-13      0.00 8.081e-01 1.916e-01 3.881e-05 1.064e-05 9.700e-05 -1.000 2.159e-04 3.022 4.267 3.387 3.020 2.898 2.862
0.00024632 -1.80000 10.07918 0.7945361733 2.4167985916    0.793  0.728  3.7578  3.592    2  0.000  0.535     0.00     0.00     0.00     0.00     0.00 -1 -4.42e-13      0.00 7.906e-01 2.092e-01 4.136e-05 1.133e-05 1.031e-04 -1.000 1.992e-04 2.951 4.236 3.339 2.949 2.815 2.771
0.00024632 -1.80000 10.07918 0.7952190042 2.4170410633    0.793  0.765  3.7514  3.530    2  0.000  0.536     0.00     0.00     0.00     0.00     0.00 -1 -5.82e-13      0.00 7.800e-01 2.198e-01 4.294e-05 1.175e-05 1.069e-04 -1.000 2.443e-04 2.858 4.184 3.269 2.857 2.713 2.661
0.00024632 -1.80000 10.07918 0.7957579494 2.4172317982    0.794  0.802  3.7472  3.477    2  0.000  0.536     0.00     0.00     0.00     0.00     0.00 -1 -7.43e-13      0.00 7.747e-01 2.251e-01 4.373e-05 1.196e-05 1.087e-04 -1.000 2.554e-04 2.765 4.121 3.192 2.765 2.613 2.557
0.00024632 -1.80000 10.07918 0.7961263657 2.4173622131    0.794  0.831  3.7446  3.438    2  0.000  0.536     0.00     0.00     0.00     0.00     0.00 -1 -8.88e-13      0.00 7.719e-01 2.279e-01 4.414e-05 1.207e-05 1.097e-04 -1.000 2.455e-04 2.694 4.069 3.130 2.694 2.538 2.478
0.00024632 -1.80000 10.07918 0.7962946892 2.4174218178    0.794  0.845  3.7436  3.419    3  0.000  0.536     0.00     0.00     0.00     0.00     0.00 -1  -9.7e-13      0.00 7.709e-01 2.289e-01 4.428e-05 1.211e-05 1.101e-04 -1.000 1.814e-04 2.657 4.039 3.096 2.657 2.500 2.439
0.00024632 -1.80000 10.07918 0.7967463732 2.4175813198    0.795  0.887  3.7413  3.368    3  0.000  0.537     0.00     0.00     0.00     0.00     0.00 -1 -1.22e-12      0.00 7.684e-01 2.313e-01 4.462e-05 1.220e-05 1.109e-04 -1.000 2.662e-04 2.552 3.951 3.000 2.553 2.392 2.328
0.00024632 -1.80000 10.07918 0.7972405553 2.4177556038    0.795  0.937  3.7390  3.310    3  0.000  0.537     0.00     0.00     0.00     0.00     0.00 -1  -1.6e-12      0.00 7.661e-01 2.337e-01 4.491e-05 1.227e-05 1.116e-04 -1.000 2.567e-04 2.428 3.847 2.885 2.430 2.265 2.198
0.00024632 -1.80000 10.07918 0.7976602316 2.4179034233    0.796  0.982  3.7373  3.258    3  0.000  0.537     0.00     0.00     0.00     0.00     0.00 -1 -2.03e-12      0.00 7.642e-01 2.355e-01 4.510e-05 1.233e-05 1.120e-04 -1.000 2.563e-04 2.315 3.750 2.778 2.318 2.151 2.082
0.00024632 -1.80000 10.07918 0.7980613708 2.4180445671    0.796  1.028  3.7356  3.205    3  0.000  0.537     0.00     0.00     0.00     0.00     0.00 -1 -2.58e-12      0.00 7.627e-01 2.371e-01 4.527e-05 1.237e-05 1.124e-04 -1.000 2.681e-04 2.200 3.649 2.670 2.204 2.034 1.963
0.00024632 -1.80000 10.07918 0.7984689474 2.4181878567    0.796  1.078  3.7340  3.149    3  0.000  0.537     0.00     0.00     0.00     0.00     0.00 -1 -3.34e-12      0.00 7.609e-01 2.388e-01 4.541e-05 1.242e-05 1.128e-04 -1.000 2.681e-04 2.074 3.539 2.551 2.080 1.908 1.834
0.00024632 -1.80000 10.07918 0.7988436222 2.4183194637    0.797  1.128  3.7325  3.093    3  0.000  0.537     0.00     0.00     0.00     0.00     0.00 -1 -4.28e-12      0.00 7.594e-01 2.403e-01 4.551e-05 1.245e-05 1.131e-04 -1.000 2.664e-04 1.950 3.427 2.432 1.957 1.782 1.706
0.00024632 -1.80000 10.07918 0.7991800308 2.4184374809    0.797  1.177  3.7310  3.038    3  0.000  0.536     0.00     0.00     0.00     0.00     0.00 -1 -5.42e-12      0.00 7.581e-01 2.417e-01 4.557e-05 1.248e-05 1.133e-04 -1.000 2.587e-04 1.828 3.318 2.316 1.836 1.659 1.582
0.00024632 -1.80000 10.07918 0.7994741797 2.4185404778    0.797  1.223  3.7295  2.987    3  0.000  0.536     0.00     0.00     0.00     0.00     0.00 -1 -6.76e-12      0.00 7.569e-01 2.428e-01 4.559e-05 1.251e-05 1.135e-04 -1.000 2.539e-04 1.713 3.216 2.206 1.723 1.543 1.464
0.00024632 -1.80000 10.07918 0.7997608781 2.4186408520    0.797  1.272  3.7280  2.932    3  0.000  0.535     0.00     0.00     0.00     0.00     0.00 -1 -8.51e-12      0.00 7.557e-01 2.440e-01 4.557e-05 1.255e-05 1.136e-04 -1.000 2.676e-04 1.591 3.110 2.090 1.602 1.420 1.339
0.00024632 -1.80000 10.07918 0.8000000119 2.4187245369    0.797  1.316  3.7267  2.882    3  0.000  0.534     0.00     0.00     0.00     0.00     0.00 -1 -1.04e-11      0.00 7.549e-01 2.448e-01 4.552e-05 1.260e-05 1.137e-04 -1.000 2.606e-04 1.479 3.012 1.984 1.491 1.307 1.225
0.00024632 -1.80000 10.07918 0.8000360131 2.4187371731    0.797  1.323  3.7265  2.875    3  0.000  0.534     0.00     0.00     0.00     0.00     0.00 -1 -1.07e-11      0.00 7.548e-01 2.449e-01 4.551e-05 1.261e-05 1.138e-04 -1.000 2.595e-04 1.462 2.997 1.968 1.475 1.291 1.207
0.00024632 -1.80000 10.07918 0.8002675176 2.4188179970    0.797  1.370  3.7250  2.822    3  0.000  0.533     0.00     0.00     0.00     0.00     0.00 -1 -1.27e-11      0.00 7.540e-01 2.458e-01 4.543e-05 1.268e-05 1.138e-04 -1.000 2.524e-04 1.345 2.895 1.857 1.359 1.172 1.087
0.00024632 -1.80000 10.07918 0.8004786372 2.4188919067    0.797  1.417  3.7235  2.769    3  0.000  0.531     0.00     0.00     0.00     0.00     0.00 -1  -1.5e-11      0.00 7.533e-01 2.464e-01 4.534e-05 1.275e-05 1.139e-04 -1.000 2.682e-04 1.229 2.794 1.747 1.244 1.055 0.968
0.00024632 -1.80000 10.07918 0.8006771803 2.4189610481    0.797  1.465  3.7220  2.715    3  0.000  0.530     0.00     0.00     0.00     0.00     0.00 -1 -1.78e-11      0.00 7.528e-01 2.469e-01 4.524e-05 1.284e-05 1.140e-04 -1.000 2.681e-04 1.109 2.688 1.633 1.125 0.934 0.845
0.00024632 -1.80000 10.07918 0.8008527160 2.4190223217    0.797  1.511  3.7203  2.662    3  0.000  0.529     0.00     0.00     0.00     0.00     0.00 -1 -2.11e-11      0.00 7.524e-01 2.473e-01 4.516e-05 1.292e-05 1.140e-04 -1.000 2.680e-04 0.993 2.588 1.524 1.011 0.817 0.726
0.00024632 -1.80000 10.07918 0.8010196090 2.4190804958    0.797  1.559  3.7187  2.607    3  0.000  0.528     0.00     0.00     0.00     0.00     0.00 -1 -2.51e-11      0.00 7.521e-01 2.476e-01 4.509e-05 1.298e-05 1.140e-04 -1.000 2.681e-04 0.872 2.484 1.410 0.892 0.695 0.602
0.00024632 -1.80000 10.07918 0.8011667132 2.4191319942    0.797  1.606  3.7171  2.554    3  0.000  0.528     0.00     0.00     0.00     0.00     0.00 -1 -2.97e-11      0.00 7.520e-01 2.478e-01 4.506e-05 1.302e-05 1.141e-04 -1.000 2.682e-04 0.755 2.384 1.301 0.777 0.578 0.482
0.00024632 -1.80000 10.07918 0.8012976646 2.4191775322    0.797  1.651  3.7154  2.502    3  0.000  0.527     0.00     0.00     0.00     0.00     0.00 -1  -3.5e-11      0.00 7.519e-01 2.479e-01 4.503e-05 1.304e-05 1.141e-04 -1.000 2.681e-04 0.642 2.289 1.196 0.666 0.464 0.367
0.00024632 -1.80000 10.07918 0.8014224172 2.4192209244    0.797  1.698  3.7137  2.448    3  0.000  0.527     0.00     0.00     0.00     0.00     0.00 -1 -4.15e-11      0.00 7.519e-01 2.479e-01 4.502e-05 1.306e-05 1.141e-04 -1.000 2.682e-04 0.525 2.193 1.087 0.550 0.345 0.246
0.00024632 -1.80000 10.07918 0.8015353084 2.4192602634    0.797  1.744  3.7120  2.395    3  0.000  0.527     0.00     0.00     0.00     0.00     0.00 -1 -4.91e-11      0.00 7.518e-01 2.479e-01 4.502e-05 1.306e-05 1.141e-04 -1.000 2.682e-04 0.409 2.099 0.979 0.436 0.228 0.126
0.00024632 -1.80000 10.07918 0.8016347289 2.4192948341    0.797  1.789  3.7103  2.344    3  0.000  0.527     0.00     0.00     0.00     0.00     0.00 -1 -5.77e-11      0.00 7.518e-01 2.479e-01 4.502e-05 1.306e-05 1.141e-04 -1.000 2.682e-04 0.298 2.010 0.876 0.326 0.115 0.011
0.00024632 -1.80000 10.07918 0.8017261028 2.4193267822    0.797  1.833  3.7086  2.292    3  0.000  0.527     0.00     0.00     0.00     0.00     0.00 -1 -6.78e-11      0.00 7.518e-01 2.479e-01 4.501e-05 1.307e-05 1.141e-04 -1.000 2.682e-04 0.187 1.923 0.774 0.217 0.003 -0.103
0.00024632 -1.80000 10.07918 0.8018144369 2.4193575382    0.796  1.880  3.7068  2.239    3  0.000  0.527     0.00     0.00     0.00     0.00     0.00 -1 -8.02e-11      0.00 7.518e-01 2.479e-01 4.501e-05 1.307e-05 1.141e-04 -1.000 2.681e-04 0.071 1.832 0.668 0.103 -0.114 -0.223
0.00024632 -1.80000 10.07918 0.8018918037 2.4193844795    0.796  1.924  3.7050  2.187    3  0.000  0.527     0.00     0.00     0.00     0.00     0.00 -1 -9.43e-11      0.00 7.518e-01 2.479e-01 4.501e-05 1.307e-05 1.141e-04 -1.000 2.681e-04 -0.039 1.747 0.567 -0.005 -0.225 -0.336
0.00024632 -1.80000 10.07918 0.8019629717 2.4194090366    0.796  1.967  3.7032  2.136    3  0.000  0.527     0.00     0.00     0.00     0.00     0.00 -1 -1.11e-10      0.00 7.518e-01 2.479e-01 4.501e-05 1.307e-05 1.141e-04 -1.000 2.682e-04 -0.149 1.662 0.468 -0.112 -0.336 -0.450
0.00024632 -1.80000 10.07918 0.8020303249 2.4194326401    0.795  2.012  3.7014  2.084    3  0.000  0.527     0.00     0.00     0.00     0.00     0.00 -1  -1.3e-10      0.00 7.518e-01 2.479e-01 4.501e-05 1.308e-05 1.141e-04 -1.000 2.682e-04 -0.261 1.575 0.366 -0.222 -0.449 -0.565
0.00024632 -1.80000 10.07918 0.8020896316 2.4194531441    0.795  2.054  3.6996  2.035    3  0.000  0.527     0.00     0.00     0.00     0.00     0.00 -1 -1.52e-10      0.00 7.518e-01 2.479e-01 4.501e-05 1.308e-05 1.141e-04 -1.000 2.681e-04 -0.365 1.497 0.272 -0.324 -0.554 -0.673
0.00024632 -1.80000 10.07918 0.8021467328 2.4194729328    0.795  2.096  3.6978  1.985    3  0.000  0.527     0.00     0.00     0.00     0.00     0.00 -1 -1.77e-10      0.00 7.518e-01 2.479e-01 4.500e-05 1.308e-05 1.141e-04 -1.000 2.682e-04 -0.470 1.420 0.178 -0.426 -0.660 -0.781
0.00024632 -1.80000 10.07918 0.8022059798 2.4194936752    0.794  2.138  3.6960  1.936    3  0.000  0.527     0.00     0.00     0.00     0.00     0.00 -1 -2.07e-10      0.00 7.518e-01 2.479e-01 4.500e-05 1.308e-05 1.141e-04 -1.000 2.681e-04 -0.576 1.346 0.084 -0.529 -0.766 -0.890
0.00024632 -1.80000 10.07918 0.8022589684 2.4195120335    0.794  2.162  3.6950  1.908    3  0.000  0.527     0.00     0.00     0.00     0.00     0.00 -1 -2.27e-10      0.00 7.518e-01 2.479e-01 4.500e-05 1.308e-05 1.141e-04 -1.000 2.681e-04 -0.635 1.304 0.031 -0.587 -0.826 -0.951
0.00024632 -1.80000 10.07918 0.8022911549 2.4195232391    0.793  2.152  3.6957  1.920    3  0.000  0.527     0.00     0.00     0.00     0.00     0.00 -1  -2.2e-10      0.00 7.518e-01 2.480e-01 4.500e-05 1.308e-05 1.141e-04 -1.000 2.682e-04 -0.611 1.317 0.051 -0.564 -0.802 -0.926
0.00024632 -1.80000 10.07918 0.8022954464 2.4195246696    0.793  2.151  3.6958  1.922    3  0.000  0.527     0.00     0.00     0.00     0.00     0.00 -1 -2.19e-10      0.00 7.518e-01 2.480e-01 4.500e-05 1.309e-05 1.141e-04 -1.000 2.682e-04 -0.608 1.319 0.053 -0.561 -0.798 -0.922
0.00024632 -1.80000 10.07918 0.8023213148 2.4195337296    0.793  2.177  3.6946  1.890    3  0.000  0.527     0.00     0.00     0.00     0.00     0.00 -1  -2.4e-10      0.00 7.518e-01 2.480e-01 4.500e-05 1.309e-05 1.141e-04 -1.000 2.681e-04 -0.673 1.275 -0.004 -0.624 -0.864 -0.990
0.00024632 -1.80000 10.07918 0.8023605943 2.4195473194    0.792  2.219  3.6927  1.841    3  0.000  0.527     0.00     0.00     0.00     0.00     0.00 -1 -2.78e-10      0.00 7.518e-01 2.480e-01 4.500e-05 1.309e-05 1.141e-04 -1.000 2.681e-04 -0.777 1.204 -0.096 -0.726 -0.969 -1.098
0.00024632 -1.80000 10.07918 0.8023971319 2.4195599556    0.792  2.260  3.6908  1.792    3  0.000  0.527     0.00     0.00     0.00     0.00     0.00 -1 -3.24e-10      0.00 7.518e-01 2.480e-01 4.500e-05 1.309e-05 1.141e-04 -1.000 2.681e-04 -0.880 1.134 -0.186 -0.825 -1.073 -1.204
0.00024632 -1.80000 10.07918 0.8024308681 2.4195716381    0.791  2.301  3.6889  1.743    3  0.000  0.527     0.00     0.00     0.00     0.00     0.00 -1 -3.76e-10      0.00 7.518e-01 2.480e-01 4.500e-05 1.309e-05 1.141e-04 -1.000 2.681e-04 -0.982 1.068 -0.274 -0.923 -1.175 -1.309
0.00024632 -1.80000 10.07918 0.8024605513 2.4195821285    0.791  2.339  3.6870  1.697    3  0.000  0.527     0.00     0.00     0.00     0.00     0.00 -1 -4.33e-10      0.00 7.518e-01 2.480e-01 4.500e-05 1.309e-05 1.141e-04 -1.000 2.682e-04 -1.077 1.009 -0.356 -1.014 -1.270 -1.407
0.00024632 -1.80000 10.07918 0.8024893403 2.4195921421    0.790  2.378  3.6852  1.650    3  0.000  0.527     0.00     0.00     0.00     0.00     0.00 -1 -5.01e-10      0.00 7.518e-01 2.480e-01 4.500e-05 1.309e-05 1.141e-04 -1.000 2.682e-04 -1.176 0.951 -0.441 -1.110 -1.369 -1.509
0.00024632 -1.80000 10.07918 0.8025147319 2.4196007252    0.789  2.416  3.6832  1.604    3  0.000  0.527     0.00     0.00     0.00     0.00     0.00 -1 -5.76e-10      0.00 7.518e-01 2.480e-01 4.500e-05 1.309e-05 1.141e-04 -1.000 2.682e-04 -1.269 0.915 -0.517 -1.201 -1.464 -1.607
0.00024632 -1.80000 10.07918 0.8025394082 2.4196093082    0.789  2.454  3.6814  1.558    3  0.000  0.527     0.00     0.00     0.00     0.00     0.00 -1 -6.64e-10      0.00 7.518e-01 2.480e-01 4.500e-05 1.309e-05 1.141e-04 -1.000 2.682e-04 -1.366 0.875 -0.597 -1.296 -1.563 -1.707
0.00024632 -1.80000 10.07918 0.8025612235 2.4196169376    0.788  2.491  3.6795  1.513    3  0.000  0.527     0.00     0.00     0.00     0.00     0.00 -1 -7.61e-10      0.00 7.518e-01 2.480e-01 4.499e-05 1.309e-05 1.141e-04 -1.000 2.682e-04 -1.458 0.845 -0.670 -1.385 -1.656 -1.804
0.00024632 -1.80000 10.07918 0.8025867343 2.4196257591    0.787  2.537  3.6771  1.457    3  0.000  0.527     7.29     5.74     4.07     3.15     2.55  3 -9.02e-10      0.00 7.518e-01 2.480e-01 4.499e-05 1.309e-05 1.141e-04 -1.000 2.681e-04 -1.572 0.817 -0.759 -1.496 -1.772 -1.923
0.00024632 -1.80000 10.07918 0.8026093245 2.4196336269    0.786  2.581  3.6748  1.404    3  0.000  0.527     8.17     6.32     4.46     3.46     2.80  3 -1.06e-09      0.00 7.518e-01 2.480e-01 4.499e-05 1.310e-05 1.141e-04 -1.000 2.682e-04 -1.682 0.795 -0.842 -1.602 -1.884 -2.039
0.00024632 -1.80000 10.07918 0.8026270866 2.4196398258    0.785  2.618  3.6728  1.358    3  0.000  0.527     9.00     6.87     4.83     3.75     3.03  3 -1.22e-09      0.00 7.518e-01 2.480e-01 4.499e-05 1.310e-05 1.141e-04 -1.000 2.681e-04 -1.775 0.788 -0.908 -1.690 -1.978 -2.136
0.00024632 -1.80000 10.07918 0.8026460409 2.4196465015    0.783  2.660  3.6705  1.306    3  0.000  0.527    10.03     7.54     5.28     4.10     3.32  3 -1.43e-09      0.00 7.518e-01 2.480e-01 4.499e-05 1.310e-05 1.141e-04 -1.000 2.682e-04 -1.879 0.781 -0.983 -1.791 -2.085 -2.247
0.00024632 -1.80000 10.07918 0.8026611209 2.4196517467    0.782  2.696  3.6685  1.261    3  0.000  0.527    11.03     8.17     5.70     4.43     3.59  3 -1.63e-09      0.00 7.518e-01 2.480e-01 4.499e-05 1.310e-05 1.141e-04 -1.000 2.682e-04 -1.970 0.785 -1.044 -1.876 -2.177 -2.342
0.00024632 -1.80000 10.07918 0.8026770949 2.4196572304    0.781  2.736  3.6662  1.211    3  0.000  0.527    12.27     8.95     6.21     4.84     3.92  3  -1.9e-09      0.00 7.518e-01 2.480e-01 4.499e-05 1.310e-05 1.141e-04 -1.000 2.682e-04 -2.070 0.798 -1.110 -1.971 -2.278 -2.447
0.00024632 -1.80000 10.07918 0.8026923537 2.4196624756    0.779  2.778  3.6638  1.159    3  0.000  0.527    13.68     9.82     6.79     5.30     4.29  2 -2.22e-09      0.00 7.517e-01 2.480e-01 4.499e-05 1.310e-05 1.141e-04 -1.000 2.682e-04 -2.174 0.816 -1.176 -2.068 -2.383 -2.556
0.00024632 -1.80000 10.07918 0.8027066588 2.4196674824    0.777  2.819  3.6613  1.107    3  0.000  0.527    15.28    10.79     7.43     5.80     4.70  2  -2.6e-09      0.00 7.517e-01 2.480e-01 4.499e-05 1.310e-05 1.141e-04 -1.000 2.681e-04 -2.278 0.849 -1.236 -2.163 -2.488 -2.665
0.00024632 -1.80000 10.07918 0.8027190566 2.4196717739    0.776  2.857  3.6591  1.059    3  0.000  0.527    16.91    11.76     8.07     6.31     5.11  2 -3.01e-09      0.00 7.517e-01 2.480e-01 4.499e-05 1.310e-05 1.141e-04 -1.000 2.682e-04 -2.374 0.885 -1.290 -2.251 -2.584 -2.766
0.00024632 -1.80000 10.07918 0.8027311563 2.4196760654    0.774  2.897  3.6566  1.008    3  0.000  0.527    18.84    12.89     8.81     6.90     5.59  2  -3.5e-09      0.00 7.517e-01 2.480e-01 4.499e-05 1.310e-05 1.141e-04 -1.000 2.682e-04 -2.474 0.910 -1.347 -2.340 -2.682 -2.869
0.00024632 -1.80000 10.07918 0.8027417064 2.4196796417    0.772  2.935  3.6545  0.960    3  0.000  0.527    20.81    14.03     9.55     7.49     6.07  2 -4.03e-09      0.00 7.517e-01 2.480e-01 4.499e-05 1.310e-05 1.141e-04 -1.000 2.682e-04 -2.567 0.916 -1.402 -2.422 -2.773 -2.965
0.00024632 -1.80000 10.07918 0.8027518988 2.4196832180    0.769  2.973  3.6520  0.911    3  0.000  0.527    23.08    15.33    10.39     8.16     6.62  2 -4.67e-09      0.00 7.517e-01 2.480e-01 4.499e-05 1.310e-05 1.141e-04 -1.000 2.681e-04 -2.663 0.932 -1.453 -2.504 -2.865 -3.062
0.00024632 -1.80000 10.07918 0.8027614355 2.4196865559    0.767  3.011  3.6497  0.862    3  0.000  0.527    25.58    16.73    11.29     8.88     7.20  1  -5.4e-09      0.00 7.517e-01 2.480e-01 4.499e-05 1.310e-05 1.141e-04 -1.000 2.681e-04 -2.758 0.946 -1.505 -2.585 -2.956 -3.159
0.00024632 -1.80000 10.07918 0.8027697802 2.4196894169    0.764  3.046  3.6475  0.817    3  0.000  0.527    28.15    18.14    12.20     9.61     7.79  1 -6.18e-09      0.00 7.517e-01 2.480e-01 4.499e-05 1.310e-05 1.141e-04 -1.000 2.681e-04 -2.846 0.961 -1.552 -2.660 -3.040 -3.248
0.00024632 -1.80000 10.07918 0.8027778864 2.4196922779    0.762  3.082  3.6451  0.770    3  0.000  0.527    31.07    19.73    13.22    10.43     8.46  1 -7.09e-09      0.00 7.517e-01 2.480e-01 4.499e-05 1.310e-05 1.141e-04 -1.000 2.681e-04 -2.935 0.980 -1.598 -2.735 -3.124 -3.338
0.00024632 -1.80000 10.07918 0.8027854562 2.4196949005    0.759  3.118  3.6429  0.724    3  0.000  0.527    34.24    21.43    14.30    11.29     9.16  1 -8.13e-09      0.00 7.517e-01 2.480e-01 4.499e-05 1.310e-05 1.141e-04 -1.000 2.682e-04 -3.024 0.994 -1.646 -2.810 -3.209 -3.428
0.00024632 -1.80000 10.07918 0.8027923703 2.4196972847    0.756  3.152  3.6406  0.679    3  0.000  0.527    37.63    23.21    15.43    12.21     9.90  1 -9.29e-09      0.00 7.517e-01 2.480e-01 4.499e-05 1.310e-05 1.141e-04 -1.000 2.682e-04 -3.109 1.016 -1.687 -2.880 -3.289 -3.514
0.00024632 -1.80000 10.07918 0.8027992249 2.4196996689    0.752  3.187  3.6383  0.632    3  0.000  0.527    41.54    25.24    16.71    13.24    10.74  1 -1.07e-08      0.00 7.517e-01 2.480e-01 4.499e-05 1.310e-05 1.141e-04 -1.000 2.682e-04 -3.198 1.044 -1.727 -2.952 -3.372 -3.602
0.00024632 -1.80000 10.07918 0.8028053641 2.4197018147    0.748  3.220  3.6362  0.588    3  0.000  0.527    45.54    27.28    18.00    14.28    11.59  1 -1.21e-08      0.00 7.517e-01 2.480e-01 4.499e-05 1.310e-05 1.141e-04 -1.000 2.682e-04 -3.281 1.069 -1.764 -3.018 -3.449 -3.685
0.00024632 -1.80000 10.07918 0.8028112650 2.4197037220    0.744  3.253  3.6340  0.544    3  0.000  0.527    49.97    29.51    19.40    15.41    12.51  1 -1.38e-08      0.00 7.517e-01 2.480e-01 4.499e-05 1.310e-05 1.141e-04 -1.000 2.682e-04 -3.364 1.098 -1.799 -3.084 -3.525 -3.766
0.00024632 -1.80000 10.07918 0.8028162122 2.4197053909    0.741  3.279  3.6323  0.509    3  0.000  0.527    53.77    31.39    20.58    16.36    13.28  1 -1.54e-08      0.00 7.517e-01 2.480e-01 4.499e-05 1.310e-05 1.141e-04 -1.000 2.682e-04 -3.429 1.120 -1.827 -3.136 -3.585 -3.831
0.00024632 -1.80000 10.07918 0.8028162122 2.4197053909    0.741  1.691  3.8505  2.971    4  0.000  0.529     0.00     0.00     0.00     0.00     0.00 -1    -1e-30      0.00 7.513e-01 2.484e-01 4.560e-05 1.308e-05 1.151e-04 -1.000 2.682e-04 0.543 1.689 0.574 0.528 0.572 0.629
0.00024632 -1.80000 10.07918 0.8028194904 2.4197065830    0.741  1.696  3.8480  2.955    4  0.000  0.529     0.00     0.00     0.00     0.00     0.00 -1    -1e-30      0.00 7.513e-01 2.484e-01 4.560e-05 1.308e-05 1.151e-04 -1.000 2.683e-04 0.529 1.678 0.567 0.512 0.552 0.607
0.00024632 -1.80000 10.07918 0.8028743267 2.4197256565    0.741  1.713  3.8409  2.911    4  0.000  0.529     0.00     0.00     0.00     0.00     0.00 -1    -1e-30      0.00 7.513e-01 2.484e-01 4.560e-05 1.308e-05 1.151e-04 -1.000 2.683e-04 0.488 1.644 0.545 0.468 0.495 0.542
0.00024632 -1.80000 10.07918 0.8029298186 2.4197449684    0.741  1.714  3.8416  2.912    4  0.000  0.529     0.00     0.00     0.00     0.00     0.00 -1    -1e-30      0.00 7.513e-01 2.484e-01 4.560e-05 1.308e-05 1.151e-04 -1.000 2.682e-04 0.486 1.641 0.540 0.466 0.494 0.542
0.00024632 -1.80000 10.07918 0.8029865026 2.4197645187    0.741  1.714  3.8427  2.916    4  0.000  0.529     0.00     0.00     0.00     0.00     0.00 -1    -1e-30      0.00 7.513e-01 2.484e-01 4.560e-05 1.308e-05 1.151e-04 -1.000 2.681e-04 0.485 1.640 0.537 0.466 0.496 0.545
0.00024632 -1.80000 10.07918 0.8030427098 2.4197840691    0.741  1.714  3.8439  2.921    4  0.000  0.529     0.00     0.00     0.00     0.00     0.00 -1    -1e-30      0.00 7.513e-01 2.484e-01 4.560e-05 1.308e-05 1.151e-04 -1.000 2.682e-04 0.485 1.639 0.534 0.467 0.499 0.549
0.00024632 -1.80000 10.07918 0.8030955195 2.4198024273    0.741  1.714  3.8451  2.927    4  0.000  0.529     0.00     0.00     0.00     0.00     0.00 -1    -1e-30      0.00 7.513e-01 2.484e-01 4.560e-05 1.308e-05 1.151e-04 -1.000 2.681e-04 0.486 1.639 0.531 0.468 0.503 0.554
0.00024632 -1.80000 10.07918 0.8031474352 2.4198203087    0.741  1.713  3.8464  2.932    4  0.000  0.529     0.00     0.00     0.00     0.00     0.00 -1    -1e-30      0.00 7.513e-01 2.484e-01 4.560e-05 1.308e-05 1.151e-04 -1.000 2.682e-04 0.487 1.638 0.528 0.469 0.506 0.559
0.00024632 -1.80000 10.07918 0.8031999469 2.4198384285    0.741  1.713  3.8476  2.937    4  0.000  0.529     0.00     0.00     0.00     0.00     0.00 -1    -1e-30      0.00 7.513e-01 2.484e-01 4.560e-05 1.308e-05 1.151e-04 -1.000 2.681e-04 0.488 1.638 0.525 0.471 0.510 0.564
0.00024632 -1.80000 10.07918 0.8032549024 2.4198575020    0.741  1.713  3.8488  2.942    4  0.000  0.529     0.00     0.00     0.00     0.00     0.00 -1    -1e-30      0.00 7.513e-01 2.484e-01 4.560e-05 1.308e-05 1.151e-04 -1.000 2.683e-04 0.489 1.638 0.523 0.472 0.514 0.569
0.00024632 -1.80000 10.07918 0.8033090830 2.4198763371    0.741  1.712  3.8497  2.946    4  0.000  0.529     0.00     0.00     0.00     0.00     0.00 -1    -1e-30      0.00 7.513e-01 2.484e-01 4.560e-05 1.308e-05 1.151e-04 -1.000 2.683e-04 0.489 1.638 0.521 0.473 0.516 0.572
0.00024632 -1.80000 10.07918 0.8033648133 2.4198956490    0.741  1.712  3.8503  2.949    4  0.000  0.529     0.00     0.00     0.00     0.00     0.00 -1    -1e-30      0.00 7.513e-01 2.484e-01 4.560e-05 1.308e-05 1.151e-04 -1.000 2.683e-04 0.489 1.637 0.519 0.473 0.518 0.574
0.00024632 -1.80000 10.07918 0.8034201264 2.4199147224    0.741  1.713  3.8505  2.949    4  0.000  0.529     0.00     0.00     0.00     0.00     0.00 -1    -1e-30      0.00 7.513e-01 2.484e-01 4.560e-05 1.308e-05 1.151e-04 -1.000 2.681e-04 0.488 1.637 0.518 0.473 0.518 0.574
0.00024632 -1.80000 10.07918 0.8034747839 2.4199337959    0.741  1.713  3.8502  2.948    4  0.000  0.529     0.00     0.00     0.00     0.00     0.00 -1    -1e-30      0.00 7.513e-01 2.484e-01 4.560e-05 1.308e-05 1.151e-04 -1.000 2.681e-04 0.487 1.636 0.518 0.472 0.516 0.572
0.00024632 -1.80000 10.07918 0.8035277128 2.4199521542    0.741  1.714  3.8495  2.944    4  0.000  0.529     0.00     0.00     0.00     0.00     0.00 -1    -1e-30      0.00 7.513e-01 2.484e-01 4.560e-05 1.308e-05 1.151e-04 -1.000 2.681e-04 0.486 1.635 0.518 0.469 0.512 0.568
0.00024632 -1.80000 10.07918 0.8035508394 2.4199600220    0.741  1.714  3.8491  2.942    4  0.000  0.529     0.00     0.00     0.00     0.00     0.00 -1    -1e-30      0.00 7.513e-01 2.484e-01 4.560e-05 1.308e-05 1.151e-04 -1.000 2.682e-04 0.485 1.634 0.518 0.468 0.511 0.566
0.00024632 -1.80000 10.07918 0.8035629392 2.4199643135    0.741  1.714  3.8487  2.941    4  0.000  0.529     0.00     0.00     0.00     0.00     0.00 -1    -1e-30      0.00 7.513e-01 2.484e-01 4.560e-05 1.308e-05 1.151e-04 -1.000 2.683e-04 0.484 1.634 0.518 0.467 0.509 0.564
0.00024632 -1.80000 10.07918 0.8036161065 2.4199826717    0.741  1.716  3.8470  2.932    4  0.000  0.529     0.00     0.00     0.00     0.00     0.00 -1    -1e-30      0.00 7.513e-01 2.484e-01 4.560e-05 1.308e-05 1.151e-04 -1.000 2.681e-04 0.481 1.632 0.520 0.463 0.502 0.555
0.00024632 -1.80000 10.07918 0.8036698699 2.4200012684    0.741  1.717  3.8446  2.921    4  0.000  0.529     0.00     0.00     0.00     0.00     0.00 -1    -1e-30      0.00 7.513e-01 2.484e-01 4.560e-05 1.308e-05 1.151e-04 -1.000 2.683e-04 0.476 1.630 0.522 0.458 0.492 0.543
0.00024632 -1.80000 10.07918 0.8037227988 2.4200196266    0.742  1.719  3.8417  2.907    4  0.000  0.529     0.00     0.00     0.00     0.00     0.00 -1    -1e-30      0.00 7.513e-01 2.484e-01 4.560e-05 1.308e-05 1.151e-04 -1.000 2.682e-04 0.471 1.627 0.525 0.451 0.480 0.528
0.00024632 -1.80000 10.07918 0.8037748933 2.4200375080    0.742  1.722  3.8382  2.891    4  0.000  0.529     0.00     0.00     0.00     0.00     0.00 -1    -1e-30      0.00 7.513e-01 2.484e-01 4.560e-05 1.308e-05 1.151e-04 -1.000 2.683e-04 0.465 1.625 0.529 0.444 0.466 0.511
0.00024632 -1.80000 10.07918 0.8038268089 2.4200556278    0.742  1.725  3.8341  2.872    4  0.000  0.529     0.00     0.00     0.00     0.00     0.00 -1    -1e-30      0.00 7.513e-01 2.484e-01 4.560e-05 1.308e-05 1.151e-04 -1.000 2.683e-04 0.458 1.622 0.534 0.435 0.450 0.491
0.00024632 -1.80000 10.07918 0.8038783073 2.4200732708    0.742  1.728  3.8294  2.850    4  0.000  0.529     0.00     0.00     0.00     0.00     0.00 -1    -1e-30      0.00 7.513e-01 2.484e-01 4.560e-05 1.308e-05 1.151e-04 -1.000 2.683e-04 0.450 1.619 0.540 0.426 0.431 0.468
0.00024632 -1.80000 10.07918 0.8039299250 2.4200911522    0.742  1.731  3.8242  2.826    4  0.000  0.529     0.00     0.00     0.00     0.00     0.00 -1    -1e-30      0.00 7.513e-01 2.484e-01 4.560e-05 1.308e-05 1.151e-04 -1.000 2.682e-04 0.441 1.618 0.547 0.416 0.412 0.443
0.00024632 -1.80000 10.07918 0.8039348125 2.4200928211    0.742  1.732  3.8237  2.823    4  0.000  0.529     0.00     0.00     0.00     0.00     0.00 -1    -1e-30      0.00 7.513e-01 2.484e-01 4.560e-05 1.308e-05 1.151e-04 -1.000 2.682e-04 0.441 1.618 0.548 0.415 0.410 0.440
0.00024632 -1.80000 10.07918 0.8039438725 2.4200959206    0.742  1.732  3.8227  2.819    4  0.000  0.529     0.00     0.00     0.00     0.00     0.00 -1    -1e-30      0.00 7.513e-01 2.484e-01 4.560e-05 1.308e-05 1.151e-04 -1.000 2.682e-04 0.439 1.617 0.549 0.413 0.406 0.436
0.00024632 -1.80000 10.07918 0.8039975762 2.4201145172    0.742  1.737  3.8167  2.790    4  0.000  0.529     0.00     0.00     0.00     0.00     0.00 -1    -1e-30      0.00 7.513e-01 2.484e-01 4.560e-05 1.308e-05 1.151e-04 -1.000 2.682e-04 0.428 1.617 0.558 0.401 0.384 0.407
0.00024632 -1.80000 10.07918 0.8040499687 2.4201326370    0.742  1.741  3.8108  2.762    4  0.000  0.529     0.00     0.00     0.00     0.00     0.00 -1    -1e-30      0.00 7.513e-01 2.484e-01 4.560e-05 1.308e-05 1.151e-04 -1.000 2.682e-04 0.418 1.615 0.566 0.390 0.361 0.379
0.00024632 -1.80000 10.07918 0.8041059375 2.4201519489    0.742  1.746  3.8040  2.730    4  0.000  0.529     0.00     0.00     0.00     0.00     0.00 -1    -1e-30      0.00 7.513e-01 2.484e-01 4.560e-05 1.308e-05 1.151e-04 -1.000 2.682e-04 0.405 1.614 0.578 0.378 0.336 0.347
0.00024632 -1.80000 10.07918 0.8041592836 2.4201705456    0.742  1.752  3.7975  2.699    4  0.000  0.529     0.00     0.00     0.00     0.00     0.00 -1    -1e-30      0.00 7.513e-01 2.484e-01 4.560e-05 1.308e-05 1.151e-04 -1.000 2.683e-04 0.391 1.613 0.588 0.365 0.311 0.315
0.00024632 -1.80000 10.07918 0.8042103648 2.4201881886    0.742  1.757  3.7919  2.671    4  0.000  0.529     0.00     0.00     0.00     0.00     0.00 -1    -1e-30      0.00 7.513e-01 2.484e-01 4.560e-05 1.308e-05 1.151e-04 -1.000 2.682e-04 0.378 1.612 0.596 0.352 0.289 0.286
0.00024632 -1.80000 10.07918 0.8042629957 2.4202063084    0.742  1.763  3.7861  2.642    4  0.000  0.529     0.00     0.00     0.00     0.00     0.00 -1    -1e-30      0.00 7.513e-01 2.484e-01 4.560e-05 1.308e-05 1.151e-04 -1.000 2.682e-04 0.362 1.612 0.603 0.339 0.265 0.256
0.00024632 -1.80000 10.07918 0.8043147922 2.4202241898    0.742  1.769  3.7812  2.617    4  0.000  0.529     0.00     0.00     0.00     0.00     0.00 -1    -1e-30      0.00 7.513e-01 2.484e-01 4.560e-05 1.308e-05 1.151e-04 -1.000 2.682e-04 0.348 1.610 0.607 0.326 0.243 0.228
0.00024632 -1.80000 10.07918 0.8043670654 2.4202423096    0.742  1.775  3.7767  2.592    4  0.000  0.529     0.00     0.00     0.00     0.00     0.00 -1    -1e-30      0.00 7.513e-01 2.484e-01 4.560e-05 1.308e-05 1.151e-04 -1.000 2.683e-04 0.332 1.611 0.610 0.312 0.221 0.201
0.00024632 -1.80000 10.07918 0.8044193983 2.4202604294    0.742  1.782  3.7724  2.568    4  0.000  0.529     0.00     0.00     0.00     0.00     0.00 -1    -1e-30      0.00 7.513e-01 2.484e-01 4.560e-05 1.308e-05 1.151e-04 -1.000 2.681e-04 0.315 1.611 0.609 0.297 0.198 0.172
0.00024632 -1.80000 10.07918 0.8044720888 2.4202785492    0.742  1.791  3.7677  2.540    4  0.000  0.529     0.00     0.00     0.00     0.00     0.00 -1    -1e-30      0.00 7.513e-01 2.484e-01 4.560e-05 1.308e-05 1.151e-04 -1.000 2.682e-04 0.293 1.607 0.606 0.276 0.169 0.138
0.00024632 -1.80000 10.07918 0.8044825792 2.4202821255    0.742  1.783  3.7705  2.559    4  0.000  0.529     0.00     0.00     0.00     0.00     0.00 -1    -1e-30      0.00 7.513e-01 2.484e-01 4.560e-05 1.308e-05 1.151e-04 -1.000 2.683e-04 0.311 1.615 0.613 0.294 0.191 0.164
0.00024632 -1.80000 10.07918 0.8045367002 2.4203009605    0.742  1.797  3.7642  2.520    4  0.000  0.529     0.00     0.00     0.00     0.00     0.00 -1    -1e-30      0.00 7.513e-01 2.484e-01 4.560e-05 1.308e-05 1.151e-04 -1.000 2.683e-04 0.276 1.605 0.604 0.262 0.148 0.113
0.00024632 -1.80000 10.07918 0.8045899272 2.4203193188    0.743  1.815  3.7582  2.478    4  0.000  0.529     0.00     0.00     0.00     0.00     0.00 -1    -1e-30      0.00 7.513e-01 2.484e-01 4.560e-05 1.308e-05 1.151e-04 -1.000 2.683e-04 0.232 1.586 0.584 0.221 0.096 0.053
0.00024632 -1.80000 10.07918 0.8046347499 2.4203345776    0.743  1.844  3.7507  2.419    4  0.000  0.529     0.00     0.00     0.00     0.00     0.00 -1    -1e-30      0.00 7.513e-01 2.484e-01 4.560e-05 1.308e-05 1.151e-04 -1.000 2.682e-04 0.159 1.552 0.542 0.152 0.014 -0.038
0.00024632 -1.80000 10.07918 0.8046590686 2.4203431606    0.743  1.879  3.7431  2.354    4  0.000  0.529     0.00     0.00     0.00     0.00     0.00 -1    -1e-30      0.00 7.513e-01 2.484e-01 4.560e-05 1.308e-05 1.151e-04 -1.000 2.682e-04 0.072 1.510 0.487 0.069 -0.082 -0.144
0.00024632 -1.80000 10.07918 0.8046700358 2.4203469753    0.743  1.916  3.7363  2.290    4  0.000  0.529     0.00     0.00     0.00     0.00     0.00 -1    -1e-30      0.00 7.513e-01 2.484e-01 4.560e-05 1.308e-05 1.151e-04 -1.000 2.682e-04 -0.020 1.468 0.425 -0.019 -0.182 -0.252
0.00024632 -1.80000 10.07918 0.8046749234 2.4203486443    0.743  1.954  3.7302  2.227    4  0.000  0.529     0.00     0.00     0.00     0.00     0.00 -1    -1e-30      0.00 7.513e-01 2.484e-01 4.560e-05 1.308e-05 1.151e-04 -1.000 2.683e-04 -0.116 1.423 0.356 -0.111 -0.285 -0.362
0.00024632 -1.80000 10.07918 0.8046772480 2.4203493595    0.743  1.991  3.7253  2.171    4  0.000  0.529     0.00     0.00     0.00     0.00     0.00 -1    -1e-30      0.00 7.513e-01 2.484e-01 4.560e-05 1.308e-05 1.151e-04 -1.000 2.682e-04 -0.208 1.377 0.287 -0.199 -0.382 -0.466
0.00024632 -1.80000 10.07918 0.8046782017 2.4203495979    0.743  2.016  3.7225  2.134    7  0.000  0.529     0.00     0.00     0.00     0.00     0.00 -1    -1e-30      0.00 7.513e-01 2.484e-01 4.560e-05 1.308e-05 1.151e-04 -1.000 2.682e-04 -0.271 1.342 0.238 -0.259 -0.447 -0.534
0.00024632 -1.80000 10.07918 0.8046792150 2.4203500748    0.743  2.055  3.7188  2.081    7  0.000  0.529     0.00     0.00     0.00     0.00     0.00 -1    -1e-30      0.00 7.513e-01 2.484e-01 4.560e-05 1.308e-05 1.151e-04 -1.000 2.682e-04 -0.368 1.282 0.158 -0.354 -0.548 -0.640
0.00024632 -1.80000 10.07918 0.8046801686 2.4203503132    0.743  2.093  3.7157  2.030    7  0.000  0.529     0.00     0.00     0.00     0.00     0.00 -1    -1e-30      0.00 7.513e-01 2.484e-01 4.560e-05 1.308e-05 1.151e-04 -1.000 2.681e-04 -0.462 1.224 0.080 -0.445 -0.644 -0.741
0.00024632 -1.80000 10.07918 0.8046810627 2.4203507900    0.743  2.124  3.7133  1.990    7  0.000  0.529     0.00     0.00     0.00     0.00     0.00 -1    -1e-30      0.00 7.513e-01 2.484e-01 4.560e-05 1.308e-05 1.151e-04 -1.000 2.682e-04 -0.539 1.175 0.016 -0.519 -0.722 -0.822
0.00024632 -1.80000 10.07918 0.8046820164 2.4203510284    0.743  2.144  3.7118  1.964    7  0.000  0.529     0.00     0.00     0.00     0.00     0.00 -1    -1e-30      0.00 7.513e-01 2.484e-01 4.560e-05 1.308e-05 1.151e-04 -1.000 2.682e-04 -0.591 1.142 -0.028 -0.569 -0.776 -0.878
0.00024632 -1.80000 10.07918 0.8046833873 2.4203515053    0.743  2.165  3.7104  1.937    7  0.000  0.529     0.00     0.00     0.00     0.00     0.00 -1    -1e-30      0.00 7.513e-01 2.484e-01 4.560e-05 1.308e-05 1.151e-04 -1.000 2.683e-04 -0.643 1.108 -0.072 -0.620 -0.830 -0.933
0.00024632 -1.80000 10.07918 0.8046859503 2.4203524590    0.743  2.150  3.7116  1.957    7  0.000  0.529     0.00     0.00     0.00     0.00     0.00 -1    -1e-30      0.00 7.513e-01 2.484e-01 4.560e-05 1.308e-05 1.151e-04 -1.000 2.682e-04 -0.605 1.131 -0.040 -0.583 -0.790 -0.892
0.00024632 -1.80000 10.07918 0.8046903014 2.4203538895    0.743  2.126  3.7133  1.988    7  0.000  0.529     0.00     0.00     0.00     0.00     0.00 -1    -1e-30      0.00 7.513e-01 2.484e-01 4.560e-05 1.308e-05 1.151e-04 -1.000 2.683e-04 -0.544 1.169 0.011 -0.524 -0.728 -0.828
0.00024632 -1.80000 10.07918 0.8047162294 2.4203627110    0.743  2.149  3.7113  1.957    7  0.000  0.529     0.00     0.00     0.00     0.00     0.00 -1    -1e-30      0.00 7.513e-01 2.484e-01 4.560e-05 1.308e-05 1.151e-04 -1.000 2.682e-04 -0.602 1.137 -0.036 -0.580 -0.788 -0.890
0.00024632 -1.80000 10.07918 0.8047319651 2.4203681946    0.743  2.178  3.7090  1.919    7  0.000  0.529     0.00     0.00     0.00     0.00     0.00 -1    -1e-30      0.00 7.513e-01 2.484e-01 4.560e-05 1.308e-05 1.151e-04 -1.000 2.682e-04 -0.674 1.095 -0.095 -0.650 -0.862 -0.967
0.00024632 -1.80000 10.07918 0.8047510982 2.4203748703    0.743  2.220  3.7059  1.864    7  0.000  0.529     0.00     0.00     0.00     0.00     0.00 -1    -1e-30      0.00 7.513e-01 2.484e-01 4.560e-05 1.308e-05 1.151e-04 -1.000 2.681e-04 -0.781 1.034 -0.184 -0.752 -0.970 -1.080
0.00024632 -1.80000 10.07918 0.8047706485 2.4203815460    0.743  2.273  3.7023  1.798    7  0.000  0.529     0.00     0.00     0.00     0.00     0.00 -1    -1e-30      0.00 7.513e-01 2.484e-01 4.560e-05 1.308e-05 1.151e-04 -1.000 2.682e-04 -0.911 0.956 -0.292 -0.878 -1.103 -1.218
0.00024632 -1.80000 10.07918 0.8047881722 2.4203877449    0.743  2.319  3.6992  1.739    7  0.000  0.529     0.00     0.00     0.00     0.00     0.00 -1    -1e-30      0.00 7.513e-01 2.484e-01 4.560e-05 1.308e-05 1.151e-04 -1.000 2.682e-04 -1.028 0.886 -0.390 -0.990 -1.222 -1.341
0.00024632 -1.80000 10.07918 0.8048037291 2.4203929901    0.743  2.363  3.6964  1.684    7  0.000  0.529     0.00     0.00     0.00     0.00     0.00 -1    -1e-30      0.00 7.514e-01 2.484e-01 4.559e-05 1.308e-05 1.151e-04 -1.000 2.501e-04 -1.137 0.824 -0.480 -1.094 -1.331 -1.454
0.00024632 -1.80000 10.07918 0.8048174381 2.4203977585    0.743  2.405  3.6937  1.630    7  0.000  0.529     0.00     0.00     0.00     0.00     0.00 -1    -1e-30      0.00 7.514e-01 2.483e-01 4.557e-05 1.309e-05 1.151e-04 -1.000 2.447e-04 -1.244 0.762 -0.568 -1.196 -1.439 -1.566
0.00024632 -1.80000 10.07918 0.8048295379 2.4204018116    0.743  2.447  3.6911  1.578    7  0.000  0.527     0.00     0.00     0.00     0.00     0.00 -1    -1e-30      0.00 7.514e-01 2.483e-01 4.547e-05 1.313e-05 1.151e-04 -1.000 2.448e-04 -1.348 0.701 -0.655 -1.297 -1.544 -1.675
0.00024632 -1.80000 10.07918 0.8048402071 2.4204056263    0.743  2.489  3.6885  1.526    7  0.000  0.523     0.00     0.00     0.00     0.00     0.00 -1    -1e-30      0.00 7.514e-01 2.484e-01 4.513e-05 1.337e-05 1.151e-04 -1.000 2.466e-04 -1.452 0.644 -0.739 -1.394 -1.647 -1.782
0.00024632 -1.80000 10.07918 0.8048499227 2.4204089642    0.743  2.530  3.6859  1.474    7  0.000  0.513     6.90     5.49     3.89     3.02     2.44  3    -1e-30      0.00 7.513e-01 2.484e-01 4.443e-05 1.407e-05 1.151e-04 -1.000 2.682e-04 -1.555 0.590 -0.823 -1.492 -1.750 -1.889
0.00024632 -1.80000 10.07918 0.8048588037 2.4204120636    0.743  2.571  3.6832  1.422    7  0.000  0.499     7.71     6.03     4.26     3.30     2.67  3    -1e-30      0.00 7.513e-01 2.485e-01 4.342e-05 1.521e-05 1.151e-04 -1.000 2.682e-04 -1.658 0.565 -0.902 -1.592 -1.856 -1.999
0.00024632 -1.80000 10.07918 0.8048670292 2.4204149246    0.743  2.613  3.6806  1.370    7  0.000  0.486     8.62     6.63     4.66     3.62     2.93  3    -1e-30      0.00 7.512e-01 2.485e-01 4.231e-05 1.654e-05 1.151e-04 -1.000 2.682e-04 -1.763 0.548 -0.980 -1.693 -1.963 -2.110
0.00024632 -1.80000 10.07918 0.8048747778 2.4204175472    0.743  2.655  3.6779  1.318    7  0.000  0.474     9.63     7.28     5.10     3.97     3.21  3    -1e-30      0.00 7.511e-01 2.487e-01 4.127e-05 1.781e-05 1.151e-04 -1.000 2.363e-04 -1.866 0.543 -1.053 -1.793 -2.070 -2.220
0.00024632 -1.80000 10.07918 0.8048821688 2.4204201698    0.743  2.696  3.6752  1.265    7  0.000  0.464    10.76     8.01     5.58     4.35     3.52  3    -1e-30      0.00 7.509e-01 2.488e-01 4.035e-05 1.894e-05 1.151e-04 -1.000 2.682e-04 -1.970 0.546 -1.124 -1.892 -2.176 -2.330
0.00024632 -1.80000 10.07918 0.8048892021 2.4204225540    0.743  2.737  3.6725  1.214    7  0.000  0.455    12.01     8.79     6.10     4.76     3.85  2    -1e-30      0.00 7.508e-01 2.490e-01 3.956e-05 1.992e-05 1.151e-04 -1.000 2.682e-04 -2.072 0.558 -1.191 -1.988 -2.280 -2.439
0.00024632 -1.80000 10.07918 0.8048959374 2.4204246998    0.743  2.778  3.6697  1.162    7  0.000  0.447    13.43     9.66     6.68     5.22     4.22  2    -1e-30      0.00 7.506e-01 2.491e-01 3.889e-05 2.074e-05 1.151e-04 -1.000 2.682e-04 -2.176 0.579 -1.256 -2.086 -2.386 -2.549
0.00024632 -1.80000 10.07918 0.8049020171 2.4204268456    0.743  2.820  3.6669  1.108    7  0.000  0.440    15.03    10.63     7.32     5.73     4.64  2    -1e-30      0.00 7.505e-01 2.493e-01 3.829e-05 2.148e-05 1.151e-04 -1.000 2.682e-04 -2.281 0.611 -1.318 -2.183 -2.492 -2.660
0.00024632 -1.80000 10.07918 0.8049070835 2.4204287529    0.743  2.861  3.6642  1.057    7  0.000  0.435    16.77    11.67     8.00     6.27     5.08  2    -1e-30      0.00 7.503e-01 2.494e-01 3.781e-05 2.207e-05 1.150e-04 -1.000 2.683e-04 -2.382 0.654 -1.374 -2.276 -2.594 -2.767
0.00024632 -1.80000 10.07918 0.8049113750 2.4204301834    0.743  2.901  3.6614  1.005    7  0.000  0.431    18.73    12.82     8.75     6.86     5.56  2    -1e-30      0.00 7.501e-01 2.496e-01 3.739e-05 2.261e-05 1.149e-04 -1.000 2.682e-04 -2.484 0.709 -1.426 -2.369 -2.697 -2.876
0.00024632 -1.80000 10.07918 0.8049150109 2.4204313755    0.743  2.942  3.6586  0.954    7  0.000  0.427    20.90    14.07     9.56     7.51     6.09  2    -1e-30      0.00 7.499e-01 2.498e-01 3.702e-05 2.309e-05 1.148e-04 -1.000 2.364e-04 -2.584 0.786 -1.468 -2.458 -2.798 -2.982
0.00024632 -1.80000 10.07918 0.8049185276 2.4204325676    0.743  2.983  3.6557  0.901    7  0.000  0.424    23.39    15.48    10.48     8.24     6.68  1    -1e-30      0.00 7.498e-01 2.500e-01 3.670e-05 2.355e-05 1.147e-04 -1.000 2.683e-04 -2.687 0.822 -1.517 -2.545 -2.897 -3.088
0.00024632 -1.80000 10.07918 0.8049219847 2.4204337597    0.743  3.026  3.6525  0.845    7  0.000  0.422    26.36    17.14    11.54     9.10     7.37  1    -1e-30      0.00 7.496e-01 2.501e-01 3.645e-05 2.394e-05 1.145e-04 -1.000 2.682e-04 -2.796 0.849 -1.572 -2.637 -3.002 -3.200
0.00024632 -1.80000 10.07918 0.8049250245 2.4204347134    0.743  3.072  3.6492  0.785    7  0.000  0.420    29.90    19.07    12.79    10.09     8.18  1    -1e-30      0.00 7.494e-01 2.503e-01 3.622e-05 2.436e-05 1.143e-04 -1.000 2.683e-04 -2.911 0.880 -1.628 -2.733 -3.111 -3.316
0.00024632 -1.80000 10.07918 0.8049260974 2.4204351902    0.743  3.093  3.6476  0.758    7  0.000  0.420    31.70    20.04    13.41    10.59     8.59  1    -1e-30      0.00 7.494e-01 2.504e-01 3.612e-05 2.457e-05 1.141e-04 -1.000 2.683e-04 -2.964 0.896 -1.653 -2.776 -3.160 -3.369
0.00024632 -1.80000 10.07918 0.8049263358 2.4204351902    0.743  3.123  3.6454  0.720    7  0.000  0.419    34.35    21.46    14.31    11.31     9.18  1    -1e-30      0.00 7.492e-01 2.505e-01 3.601e-05 2.485e-05 1.139e-04 -1.000 2.682e-04 -3.036 0.917 -1.688 -2.836 -3.228 -3.442
0.00024632 -1.80000 10.07918 0.8049266338 2.4204354286    0.743  3.159  3.6427  0.673    7  0.000  0.418    37.97    23.36    15.52    12.29     9.97  1    -1e-30      0.00 7.490e-01 2.508e-01 3.582e-05 2.539e-05 1.136e-04 -1.000 2.682e-04 -3.127 0.946 -1.730 -2.910 -3.313 -3.533
0.00024632 -1.80000 10.07918 0.8049270511 2.4204354286    0.743  3.195  3.6399  0.625    7  0.000  0.417    42.02    25.47    16.85    13.36    10.84  1    -1e-30      0.00 7.487e-01 2.510e-01 3.560e-05 2.600e-05 1.132e-04 -1.000 2.681e-04 -3.218 0.982 -1.768 -2.983 -3.398 -3.625
0.00024632 -1.80000 10.07918 0.8049273491 2.4204356670    0.743  3.260  3.6323  0.530    8  0.527  0.420    51.46    30.25    19.86    15.78    12.81  1 -4.71e-07      0.00 7.460e-01 2.538e-01 3.521e-05 2.935e-05 1.139e-04 -1.000 2.148e-04 -3.380 1.147 -1.786 -3.088 -3.535 -3.781
0.00024632 -1.80000 10.07918 0.8049274087 2.4204356670    0.741  3.056  3.6477  0.796    8  0.527  0.412    29.25    18.72    12.56     9.91     8.03  1 -1.98e-07      0.00 7.460e-01 2.538e-01 3.521e-05 2.935e-05 1.139e-04 -1.000 2.148e-04 -2.869 0.951 -1.571 -2.684 -3.064 -3.272
0.00024632 -1.80000 10.07918 0.8049275279 2.4204356670    0.739  2.903  3.6594  0.994    8  0.527  0.412    19.18    13.07     8.91     7.00     5.67  2 -1.08e-07      0.00 7.460e-01 2.538e-01 3.521e-05 2.935e-05 1.139e-04 -1.000 2.148e-04 -2.488 0.804 -1.397 -2.366 -2.701 -2.883
0.00024632 -1.80000 10.07918 0.8049277067 2.4204356670    0.735  2.699  3.6751  1.257    8  0.527  0.412    10.92     8.10     5.64     4.40     3.56  3 -5.17e-08      0.00 7.460e-01 2.538e-01 3.521e-05 2.935e-05 1.139e-04 -1.000 2.148e-04 -1.979 0.544 -1.131 -1.900 -2.184 -2.339
0.00024632 -1.80000 10.07918 0.8049280047 2.4204359055    0.730  2.706  3.6744  1.245    8  0.528  0.412    11.18     8.27     5.75     4.49     3.63  2 -5.34e-08      0.00 7.460e-01 2.538e-01 3.521e-05 2.935e-05 1.139e-04 -1.000 2.148e-04 -1.995 0.554 -1.139 -1.915 -2.201 -2.357
0.00024632 -1.80000 10.07918 0.8049284220 2.4204359055    0.723  2.799  3.6671  1.118    8  0.528  0.412    14.62    10.38     7.15     5.60     4.53  2 -7.59e-08      0.00 7.460e-01 2.538e-01 3.521e-05 2.935e-05 1.139e-04 -1.000 2.148e-04 -2.228 0.654 -1.268 -2.131 -2.439 -2.607
0.00024632 -1.80000 10.07918 0.8049288392 2.4204361439    0.714  2.978  3.6531  0.878    8  0.528  0.412    24.30    15.96    10.78     8.50     6.88  1 -1.55e-07      0.00 7.460e-01 2.538e-01 3.521e-05 2.935e-05 1.139e-04 -1.000 2.149e-04 -2.675 0.924 -1.467 -2.520 -2.880 -3.076
0.00024632 -1.80000 10.07918 0.8049293756 2.4204363823    0.704  3.136  3.6406  0.664    8  0.528  0.412    38.27    23.43    15.54    12.33    10.00  1 -3.07e-07      0.00 7.460e-01 2.538e-01 3.521e-05 2.935e-05 1.139e-04 -1.000 2.148e-04 -3.071 1.071 -1.643 -2.841 -3.251 -3.476
0.00024632 -1.80000 10.07918 0.8049299717 2.4204366207    0.693  3.242  3.6321  0.517    8  0.529  0.412    52.19    30.43    19.94    15.89    12.89  1 -5.02e-07      0.00 7.460e-01 2.538e-01 3.521e-05 2.935e-05 1.139e-04 -1.000 2.149e-04 -3.336 1.208 -1.736 -3.043 -3.491 -3.738
0.00024632 -1.80000 10.07918 0.8049306273 2.4204368591    0.681  3.302  3.6273  0.430    8  0.529  0.412    62.63    35.43    23.06    18.42    14.95  1 -6.79e-07      0.00 7.460e-01 2.538e-01 3.521e-05 2.935e-05 1.139e-04 -1.000 2.149e-04 -3.485 1.302 -1.770 -3.148 -3.623 -3.883
0.00024632 -1.80000 10.07918 0.8049314022 2.4204370975    0.668  3.333  3.6245  0.380    8  0.530  0.412    69.60    38.65    25.04    20.05    16.27  1 -8.16e-07      0.00 7.460e-01 2.538e-01 3.521e-05 2.935e-05 1.139e-04 -1.000 2.149e-04 -3.563 1.365 -1.779 -3.198 -3.690 -3.959
0.00024632 -1.80000 10.07918 0.8049322367 2.4204373360    0.653  3.353  3.6226  0.342    8  0.530  0.412    75.11    41.11    26.55    21.29    17.28  1 -9.37e-07      0.00 7.460e-01 2.538e-01 3.521e-05 2.935e-05 1.139e-04 -1.000 2.149e-04 -3.613 1.416 -1.779 -3.229 -3.732 -4.008
0.00024632 -1.80000 10.07918 0.8049361110 2.4204387665    0.532 -9.999  4.0000  1.843    9  0.532  0.000     0.00     0.00     0.00     0.00     0.00 -1    -1e-30      0.00 7.460e-01 2.538e-01 3.521e-05 2.935e-05 1.139e-04 -1.000 2.149e-04 29.767 30.693 29.952 30.206 30.427 30.553
#isochrone terminated
